
1) Real, older than year, в порядке открытия счета

538 639 696 921 1046 1116 1190 1320 1350 1447 17288 

16919 6111 14668 6697 12705 13456 16788 16726 6718 

13233 9399 12831 11439 8873 4868 8341 17288 

10626 13445 11146 13698 12096 8966 16573 7051 

16966 13368 16975 8972 10137 6744 9316 17336 8809 6259 

11237 7748 8896 17282 7324 17320 16827 7103 8198 7385 

17193 1350 9379 14348 16620 12192 12353 6883 12493 14122 7385 

13353 8803 13155 14033 16323 11207 3953 11366 9599 13031 7385 

14741 11772 14545 11976 14198 5782 9008 13174 10436 10936 7385 

16176 6121 14787 16963 12551 9268 5922 10562 9793 7591 7051 

12277 11396 14604 14295 4551 12669 12472 10932 10023 12580 17288 

14600 13675 16909 12385 12656 12657 10816 11491 2184 17204 7385 

14584 13354 16917 13138 16315 6832 16837 10572 7051 

9650 4938 4534 5979 17438 12716 13046 6833 6621 8081 6718 

2367 16857 16359 13111 14567 9441 13200 16222 14795 7605 7385 

12066 16785 2782 13497 17026 13780 16927 4106 7385 

11645 17362 17166 10108 14803 7700 14816 12985 3450 11850 17288 

11531 17407 8024 16894 17144 13175 16148 13495 13014 7385 

8228 10774 10681 12710 7194 10109 12607 12290 12585 7385 