09082010 0.95342
10082010 0.95772
11082010 0.95672
16082010 0.93492
23082010 0.91677
30082010 0.92687
06092010 0.93057
13092010 0.94767
20092010 0.94592
22092010 0.94757
24092010 0.93652
27092010 0.94290
28092010 0.94666
29092010 0.94491
30092010 0.94606
01102010 0.94931
02102010 0.94849
04102010 0.94652
05102010 0.94081
06102010 0.93893
07102010 0.93879
08102010 0.94821
09102010 0.95028
11102010 0.94902
15102010 0.94827
18102010 0.95057
19102010 0.94972
25102010 0.96172
03112010 0.97477
15112010 0.96727
18112010 0.97562
11072011 0.89613
12072011 0.88914
13072011 0.88074
14072011 0.87862
15072011 0.87380
16072011 0.86543
18072011 0.86127
19072011 0.86693
20072011 0.88445
21072011 0.88050
22072011 0.88471
23072011 0.88729
25072011 0.87600
26072011 0.87367
27072011 0.87807
28072011 0.88325
29072011 0.88066
30072011 0.86474
01082011 0.87084
02082011 0.85878
03082011 0.82622
04082011 0.82652
05082011 0.80365
06082011 0.80113
08082011 0.78697
09082011 0.77157
10082011 0.74842
11082011 0.74115
12082011 0.78795
13082011 0.80468
15082011 0.81032
16082011 0.82487
17082011 0.83110
18082011 0.83261
19082011 0.82468
20082011 0.81739
22082011 0.81950
23082011 0.82284
24082011 0.83272
25082011 0.83254
26082011 0.82749
27082011 0.85424
29082011 0.85478
30082011 0.86962
31082011 0.87759
01092011 0.86116
02092011 0.85263
03092011 0.84098
05092011 0.83608
06092011 0.83010
07092011 0.90516
08092011 0.91397
09092011 0.92551
10092011 0.92339
12092011 0.92574
13092011 0.91162
14092011 0.90745
15092011 0.89915
16092011 0.89690
17092011 0.90871
19092011 0.90753
20092011 0.90114
21092011 0.91080
22092011 0.90361
23092011 0.88555
24092011 0.88197
26092011 0.88580
27092011 0.88558
28092011 0.88892
29092011 0.88110
30092011 0.87799
01102011 0.87720
03102011 0.87952
04102011 0.87936
05102011 0.87817
06102011 0.89169
07102011 0.89723
08102011 0.90645
10102011 0.90450
11102011 0.90202
12102011 0.90509
13102011 0.90921
14102011 0.91554
15102011 0.92292
17102011 0.92079
18102011 0.91502
19102011 0.92236
20102011 0.92274
21102011 0.91539
22102011 0.91130
24102011 0.91394
25102011 0.92283
26102011 0.91459
27102011 0.91542
28102011 0.92223
29102011 0.92329
31102011 0.92286
01112011 0.92327
02112011 0.91607
03112011 0.91423
04112011 0.91434
07112011 0.92294
08112011 0.93381
09112011 0.93074
10112011 0.92270
11112011 0.91971
14112011 0.92908
15112011 0.92509
16112011 0.93009
17112011 0.92549
18112011 0.91830
22112011 0.90012
23112011 0.89998
24112011 0.89151
25112011 0.89370
26112011 0.90301
28112011 0.90924
29112011 0.91290
30112011 0.92228
01122011 0.93698
02122011 0.93807
03122011 0.94169
05122011 0.94462
06122011 0.94604
07122011 0.94981
08122011 0.95003
09122011 0.94277
10122011 0.94400
12122011 0.94455
13122011 0.94304
14122011 0.94792
15122011 0.94322
16122011 0.93272
17122011 0.93323
19122011 0.93514
20122011 0.92840
21122011 0.93715
22122011 0.94316
23122011 0.94844
24122011 0.95032
26122011 0.94659
27122011 0.94979
28122011 0.94842
29122011 0.95113
30122011 0.95384
31122011 0.95918
02012012 0.95705
03012012 0.96057
04012012 0.96788
05012012 0.97642
06012012 0.97828
07012012 0.97742
09012012 0.97619
10012012 0.97286
11012012 0.97915
12012012 0.98408
13012012 0.97513
14012012 0.98173
16012012 0.98257
17012012 0.98356
18012012 0.98793
19012012 0.98021
20012012 0.97119
21012012 0.97935
23012012 0.97949
24012012 0.97714
25012012 0.97341
26012012 0.97733
27012012 0.97746
28012012 0.97250
30012012 0.97008
31012012 0.97294
01022012 0.97680
02022012 0.97969
03022012 0.98164
04022012 0.98982
06022012 0.98846
07022012 0.98621
08022012 0.98469
09022012 0.98547
10022012 0.98326
11022012 0.97834
13022012 0.97876
14022012 0.98418
15022012 0.98051
16022012 0.98703
17022012 0.98826
18022012 0.98439
20022012 0.98815
21022012 0.97978
22022012 0.97286
23022012 0.96925
24022012 0.96589
25022012 0.95757
27022012 0.95616
28022012 0.96800
29022012 0.96287
01032012 0.97238
02032012 0.97773
03032012 0.98115
05032012 0.98182
06032012 0.97275
07032012 0.96758
08032012 0.96909
09032012 0.96796
10032012 0.97267
12032012 0.97091
13032012 0.96299
14032012 0.97244
15032012 0.97251
16032012 0.97146
17032012 0.96960
19032012 0.96995
20032012 0.96680
21032012 0.95555
22032012 0.95404
23032012 0.94909
24032012 0.95074
26032012 0.95364
27032012 0.95099
28032012 0.94689
29032012 0.94061
30032012 0.94104
31032012 0.93485
02042012 0.93925
03042012 0.94157
04042012 0.93983
05042012 0.93940
06042012 0.94756
07042012 0.94431
09042012 0.94362
10042012 0.94607
11042012 0.94173
12042012 0.94455
13042012 0.95051
14042012 0.95363
16042012 0.95439
17042012 0.94730
18042012 0.95141
19042012 0.94819
20042012 0.94586
21042012 0.94292
23042012 0.94441
24042012 0.94253
25042012 0.93755
26042012 0.94108
27042012 0.94340
28042012 0.94887
30042012 0.94862
01052012 0.94548
02052012 0.93789
03052012 0.94370
04052012 0.93721
05052012 0.93444
07052012 0.93664
08052012 0.93852
09052012 0.93334
10052012 0.93317
11052012 0.93622
12052012 0.93221
14052012 0.93173
15052012 0.93244
16052012 0.93662
17052012 0.93561
18052012 0.93646
19052012 0.92263
21052012 0.92527
22052012 0.92941
23052012 0.92988
24052012 0.93122
25052012 0.93515
26052012 0.93641
28052012 0.93805
29052012 0.94375
30052012 0.94564
31052012 0.94364
01062012 0.94590
02062012 0.93681
04062012 0.93538
05062012 0.93457
06062012 0.93944
07062012 0.94766
08062012 0.94600
09062012 0.95302
11062012 0.94891
12062012 0.94945
13062012 0.95534
14062012 0.94995
15062012 0.95182
16062012 0.95673
18062012 0.95658
19062012 0.96611
20062012 0.96472
21062012 0.96334
22062012 0.96009
23062012 0.96208
25062012 0.96083
26062012 0.96089
27062012 0.96732
28062012 0.97070
29062012 0.96933
30062012 0.97130
02072012 0.97242
03072012 0.97874
04072012 0.97950
05072012 0.98473
06072012 0.99752
07072012 0.99920
09072012 0.99865
10072012 0.99478
11072012 0.99844
12072012 1.00465
13072012 0.99770
14072012 1.00292
16072012 1.00311
17072012 1.00276
18072012 1.00809
19072012 1.01345
20072012 1.01981
21072012 1.02511
23072012 1.02622
24072012 1.01700
25072012 1.01991
26072012 1.01903
27072012 1.01628
28072012 1.02265
30072012 1.02192
31072012 1.02873
01082012 1.02583
02082012 1.02776
03082012 1.03105
04082012 1.02471
06082012 1.02419
07082012 1.02446
08082012 1.02209
09082012 1.02728
10082012 1.03306
11082012 1.03291
13082012 1.03108
14082012 1.02325
15082012 1.02235
16082012 1.02688
17082012 1.02197
18082012 1.01475
20082012 1.01437
21082012 1.01655
22082012 1.00946
23082012 1.00716
24082012 0.99792
25082012 0.99859
27082012 1.00042
28082012 0.99641
29082012 0.99182
30082012 0.99253
31082012 0.98840
01092012 0.98622
03092012 0.98237
04092012 0.97722
05092012 0.97727
06092012 0.97383
07092012 0.98029
08092012 0.98232
10092012 0.97839
11092012 0.97794
12092012 0.98002
13092012 0.98059
14092012 0.98539
15092012 0.97829
17092012 0.97750
18092012 0.97192
19092012 0.97063
20092012 0.97275
21092012 0.97404
22092012 0.97435
24092012 0.97417
25092012 0.97501
26092012 0.97376
27092012 0.97352
28092012 0.97902
29092012 0.97549
01102012 0.97491
02102012 0.97256
03102012 0.96071
04102012 0.95790
05102012 0.95300
06102012 0.94548
08102012 0.94398
09102012 0.95145
10102012 0.96029
11102012 0.96040
12102012 0.95921
13102012 0.95499
15102012 0.95616
16102012 0.95653
17102012 0.95189
18102012 0.95766
19102012 0.95836
20102012 0.95860
22102012 0.95736
23102012 0.95652
24102012 0.95698
25102012 0.96473
26102012 0.96796
27102012 0.96970
29102012 0.96706
30102012 0.96766
31102012 0.96661
01112012 0.96653
02112012 0.96900
03112012 0.97228
05112012 0.97300
06112012 0.97755
07112012 0.98413
08112012 0.98403
09112012 0.98475
10112012 0.98584
12112012 0.98483
13112012 0.98847
14112012 0.98884
15112012 0.98027
16112012 0.97324
17112012 0.97783
19112012 0.97508
20112012 0.97863
21112012 0.97548
22112012 0.97302
23112012 0.97104
24112012 0.97043
26112012 0.97097
27112012 0.97113
28112012 0.97246
29112012 0.97108
30112012 0.96796
01122012 0.96631
03122012 0.96811
04122012 0.96432
05122012 0.96968
06122012 0.96891
07122012 0.97732
08122012 0.98002
10122012 0.98230
11122012 0.97893
12122012 0.98117
13122012 0.97787
14122012 0.97122
15122012 0.96936
17122012 0.96524
18122012 0.96796
19122012 0.96197
20122012 0.95689
21122012 0.95602
22122012 0.95383
24122012 0.95235
25122012 0.94847
26122012 0.94746
27122012 0.94698
28122012 0.94802
29122012 0.94703
31122012 0.94689
01012013 0.95138
02012013 0.95111
03012013 0.96324
04012013 0.97013
05012013 0.96882
07012013 0.96749
08012013 0.96707
09012013 0.96961
10012013 0.97296
11012013 0.96888
12012013 0.96193
14012013 0.96281
15012013 0.97364
16012013 0.98402
17012013 0.98498
18012013 0.98299
19012013 0.98254
21012013 0.98271
22012013 0.98022
23012013 0.98175
24012013 0.98048
25012013 0.97192
26012013 0.96448
28012013 0.96240
29012013 0.96449
30012013 0.96458
31012013 0.94875
01022013 0.94916
02022013 0.94445
04022013 0.94632
05022013 0.94757
06022013 0.94576
07022013 0.93816
08022013 0.94368
09022013 0.94609
11022013 0.94703
12022013 0.94469
13022013 0.94524
14022013 0.94876
15022013 0.95487
16022013 0.94919
18022013 0.95204
19022013 0.95079
20022013 0.95607
21022013 0.95047
22022013 0.95357
23022013 0.96015
25022013 0.95729
26022013 0.95679
27022013 0.95356
28022013 0.95308
01032013 0.95744
02032013 0.96155
04032013 0.96087
05032013 0.95925
06032013 0.96456
07032013 0.97126
08032013 0.96835
09032013 0.97358
11032013 0.97166
12032013 0.97350
13032013 0.97749
14032013 0.98183
15032013 0.98245
16032013 0.97725
18032013 0.97702
19032013 0.98326
20032013 0.98249
21032013 0.97984
22032013 0.98835
23032013 0.98220
25032013 0.98472
26032013 0.99222
27032013 0.99413
28032013 0.99657
29032013 0.98822
30032013 0.98749
01042013 0.98956
02042013 0.98651
03042013 0.99163
04042013 0.98810
05042013 0.98035
06042013 0.97005
08042013 0.96910
09042013 0.97404
10042013 0.97780
11042013 0.98342
12042013 0.98148
13042013 0.97596
15042013 0.97328
16042013 0.95944
17042013 0.95833
18042013 0.96045
19042013 0.96013
20042013 0.96020
22042013 0.95725
23042013 0.95918
24042013 0.97012
25042013 0.97407
26042013 0.97409
27042013 0.97409
29042013 0.96716
30042013 0.96985
01052013 0.96371
02052013 0.95224
03052013 0.95805
04052013 0.96549
06052013 0.96302
07052013 0.96209
08052013 0.95722
09052013 0.95065
10052013 0.95563
11052013 0.95843
13052013 0.95901
14052013 0.95339
15052013 0.95470
16052013 0.95475
17052013 0.94549
18052013 0.94585
20052013 0.94598
21052013 0.94884
22052013 0.95068
23052013 0.94769
24052013 0.94359
25052013 0.92746
27052013 0.92703
28052013 0.92735
29052013 0.93967
30052013 0.92687
31052013 0.92092
01062013 0.91492
03062013 0.91930
04062013 0.92439
05062013 0.91337
06062013 0.89845
07062013 0.89384
08062013 0.88918
10062013 0.88060
11062013 0.88287
12062013 0.87269
13062013 0.87182
14062013 0.88853
15062013 0.88352
17062013 0.88047
18062013 0.88199
19062013 0.87173
20062013 0.86566
21062013 0.85308
22062013 0.86280
24062013 0.86192
25062013 0.86434
26062013 0.86830
27062013 0.87455
28062013 0.87643
29062013 0.86345
01072013 0.85975
02072013 0.87239
03072013 0.86926
04072013 0.85840
05072013 0.87482
06072013 0.87246
08072013 0.87330
09072013 0.87971
10072013 0.89409
11072013 0.87998
12072013 0.86828
13072013 0.85702
15072013 0.85665
16072013 0.86320
17072013 0.86856
18072013 0.86862
19072013 0.86649
20072013 0.86425
22072013 0.86326
23072013 0.86549
24072013 0.86866
25072013 0.85879
26072013 0.86027
27072013 0.86056
29072013 0.85839
03092013 0.84446
04092013 0.85475
05092013 0.85767
06092013 0.86257
07092013 0.86154
09092013 0.86350
10092013 0.86088
11092013 0.87053
12092013 0.86749
13092013 0.86221
14092013 0.85958
16092013 0.86244
17092013 0.86363
18092013 0.86602
19092013 0.86789
20092013 0.85986
21092013 0.85688
23092013 0.85035
24092013 0.86013
25092013 0.85692
26092013 0.85195
27092013 0.85151
28092013 0.84366
30092013 0.84338
01102013 0.84356
02102013 0.85092
03102013 0.84661
04102013 0.84565
05102013 0.85563
07102013 0.85511
08102013 0.85207
09102013 0.85266
10102013 0.85974
11102013 0.86246
12102013 0.86291
14102013 0.85754
15102013 0.86440
16102013 0.86868
17102013 0.87257
18102013 0.86850
19102013 0.87226
21102013 0.87176
22102013 0.87086
23102013 0.86868
24102013 0.85879
25102013 0.85780
26102013 0.85528
28102013 0.85497
29102013 0.85690
30102013 0.85197
31102013 0.85175
01112013 0.85754
02112013 0.86073
04112013 0.86154
05112013 0.86463
06112013 0.86638
07112013 0.86919
08112013 0.86610
09112013 0.86490
11112013 0.86495
12112013 0.85990
13112013 0.85350
14112013 0.85287
15112013 0.85373
16112013 0.85666
18112013 0.85681
19112013 0.85644
20112013 0.85816
21112013 0.85650
22112013 0.84348
23112013 0.83148
25112013 0.83143
26112013 0.83510
27112013 0.82776
28112013 0.82411
29112013 0.82517
30112013 0.82591
02122013 0.82710
03122013 0.82680
04122013 0.82646
05122013 0.81470
06122013 0.81199
07122013 0.81200
09122013 0.81264
10122013 0.81082
11122013 0.81222
16122013 0.79085
17122013 0.79392
18122013 0.78748
19122013 0.78863
20122013 0.79554
21122013 0.79873
23122013 0.79917
24122013 0.79893
26122013 0.79828
27122013 0.79690
28122013 0.79116
30122013 0.78901
31122013 0.79075
01012014 0.79716
02012014 0.79250
03012014 0.80216
04012014 0.81176
06012014 0.81003
07012014 0.81030
08012014 0.81048
09012014 0.81113
10012014 0.80737
11012014 0.81214
13012014 0.81126
14012014 0.81463
15012014 0.80871
16012014 0.80954
17012014 0.79753
18012014 0.79919
20012014 0.79874
21012014 0.80017
22012014 0.80119
23012014 0.80623
24012014 0.78625
25012014 0.77974
27012014 0.77698
28012014 0.78523
29012014 0.78743
30012014 0.78205
31012014 0.79340
01022014 0.79404
03022014 0.79395
04022014 0.78858
05022014 0.80771
06022014 0.80458
07022014 0.80718
08022014 0.80422
10022014 0.80435
11022014 0.80203
12022014 0.81154
13022014 0.81316
14022014 0.80366
15022014 0.80570
17022014 0.80708
18022014 0.80487
19022014 0.80258
20022014 0.79966
21022014 0.80005
22022014 0.79581
24022014 0.79684
25022014 0.80349
26022014 0.79983
06032014 0.80203
07032014 0.80080
11032014 0.79524
12032014 0.78706
13032014 0.78546
14032014 0.78983
15032014 0.78744
17032014 0.78445
18032014 0.79344
19032014 0.79674
20032014 0.79608
21032014 0.79885
22032014 0.80180
24032014 0.80286
25032014 0.80394
26032014 0.80909
27032014 0.81640
28032014 0.82098
29032014 0.81993
31032014 0.81853
01042014 0.81962
02042014 0.81673
03042014 0.81944
04042014 0.82260
05042014 0.82783
07042014 0.82829
08042014 0.82226
09042014 0.82662
10042014 0.82556
11042014 0.82491
12042014 0.82269
14042014 0.82354
15042014 0.82882
16042014 0.82349
17042014 0.82695
18042014 0.82398
19042014 0.82388
21042014 0.82394
22042014 0.82540
06052014 0.81527
07052014 0.81768
08052014 0.81752
09052014 0.82491
10052014 0.82958
12052014 0.82859
19052014 0.83404
20052014 0.83189
21052014 0.82520
22052014 0.82531
23052014 0.82490
24052014 0.82674
26052014 0.82768
27052014 0.82681
28052014 0.83034
29052014 0.82922
30052014 0.83507
31052014 0.83329
02062014 0.83279
03062014 0.83080
04062014 0.83047
05062014 0.83227
06062014 0.83284
07062014 0.83367
09062014 0.83397
10062014 0.83926
11062014 0.84295
12062014 0.84449
13062014 0.84574
14062014 0.84630
16062014 0.84539
17062014 0.84364
18062014 0.83983
19062014 0.84230
20062014 0.84036
21062014 0.84051
23062014 0.83890
24062014 0.84091
25062014 0.83799
26062014 0.83914
27062014 0.84096
28062014 0.83971
30062014 0.83947
01072014 0.83606
02072014 0.84256
03072014 0.83912
04072014 0.83519
05072014 0.83740
07072014 0.83740
08072014 0.83732
09072014 0.83941
10072014 0.83879
11072014 0.83854
12072014 0.83762
14072014 0.83689
15072014 0.83801
16072014 0.83955
17072014 0.84144
18072014 0.83967
19072014 0.84375
21072014 0.84313
22072014 0.84187
23072014 0.84759
24072014 0.85321
25072014 0.85013
26072014 0.84988
28072014 0.84963
29072014 0.85108
30072014 0.85083
31072014 0.84730
01082014 0.84455
02082014 0.84377
04082014 0.84283
05082014 0.84616
06082014 0.84619
07082014 0.84865
08082014 0.84316
09082014 0.83998
