04082010 0.93435
05082010 0.93339
06082010 0.93092
07082010 0.94449
09082010 0.94161
10082010 0.94098
11082010 0.94202
12082010 0.93940
13082010 0.93405
14082010 0.92937
16082010 0.92832
17082010 0.93735
18082010 0.93508
19082010 0.92468
20082010 0.92779
21082010 0.93570
23082010 0.92992
24082010 0.93806
25082010 0.93718
26082010 0.93611
27082010 0.93753
28082010 0.94614
30082010 0.94647
31082010 0.94584
01092010 0.94879
02092010 0.95654
03092010 0.96044
04092010 0.95264
06092010 0.95137
07092010 0.94944
08092010 0.95345
09092010 0.95104
10092010 0.95481
11092010 0.95914
13092010 0.96082
14092010 0.96112
15092010 0.96741
16092010 0.96316
17092010 0.96176
18092010 0.96559
20092010 0.96792
21092010 0.97424
22092010 0.97899
23092010 0.98341
24092010 0.98179
25092010 0.98378
27092010 0.98198
28092010 0.98915
29092010 0.99654
30092010 1.00123
01102010 0.99444
02102010 0.99238
04102010 0.99112
05102010 0.98907
06102010 0.98786
07102010 0.98748
08102010 0.99875
09102010 0.99683
11102010 0.99711
12102010 0.99775
13102010 0.99636
14102010 0.99464
15102010 0.99969
16102010 1.00098
18102010 1.00430
19102010 1.00787
20102010 0.99879
21102010 1.00822
22102010 1.00377
23102010 1.00767
25102010 1.01189
26102010 1.01035
27102010 1.00791
28102010 0.99914
29102010 0.99967
30102010 0.99904
01112010 1.00401
02112010 1.00208
03112010 1.00777
04112010 1.01097
05112010 1.01637
08112010 1.01575
09112010 1.01713
10112010 1.01061
11112010 1.00634
12112010 1.00154
15112010 0.99909
16112010 0.99278
17112010 0.99840
18112010 1.00172
19112010 1.00976
20112010 1.00345
22112010 1.00369
23112010 1.00618
24112010 0.99497
25112010 0.99252
26112010 0.99027
29112010 0.98413
30112010 0.98109
01122010 0.98416
02122010 0.98531
03122010 0.97972
06122010 0.99334
07122010 0.99500
08122010 0.99510
09122010 0.99010
10122010 0.99473
13122010 0.99371
14122010 1.00271
15122010 1.00499
16122010 0.98971
17122010 0.99442
18122010 1.00097
20122010 1.00070
21122010 1.01007
22122010 1.01369
23122010 1.01467
24122010 1.01342
27122010 1.00842
28122010 1.01091
29122010 1.00912
30122010 1.01830
31122010 1.01679
03012011 1.01534
04012011 1.01028
05012011 1.00384
06012011 0.99600
07012011 0.99048
10012011 0.98396
11012011 0.98887
12012011 0.97709
13012011 0.98180
14012011 0.98520
17012011 0.97786
18012011 0.98058
19012011 0.99012
20012011 0.99547
21012011 0.98437
24012011 0.98099
25012011 0.99245
26012011 0.99384
27012011 0.99258
28012011 0.98407
29012011 0.99339
01042011 1.00253
02042011 1.00115
04042011 1.00169
05042011 1.00216
06042011 0.99510
07042011 1.00256
08042011 1.00201
09042011 1.00812
11042011 1.00776
12042011 1.00275
13042011 1.00630
14042011 1.01100
15042011 1.01195
16042011 1.01356
18042011 1.01174
19042011 1.01314
20042011 1.00568
21042011 1.01788
22042011 1.02452
23042011 1.02479
25042011 1.02463
26042011 1.02300
27042011 1.02592
28042011 1.03269
29042011 1.03878
30042011 1.03686
02052011 1.03615
03052011 1.04019
04052011 1.03360
05052011 1.02924
06052011 1.02553
07052011 1.03392
09052011 1.03471
10052011 1.03786
11052011 1.03769
12052011 1.02683
13052011 1.02588
14052011 1.02414
16052011 1.02400
17052011 1.03054
18052011 1.03260
19052011 1.03181
20052011 1.03276
21052011 1.03961
23052011 1.03588
24052011 1.02772
25052011 1.03170
26052011 1.02818
27052011 1.04079
28052011 1.04345
30052011 1.04816
31052011 1.04324
01062011 1.03269
02062011 1.03806
03062011 1.04106
04062011 1.04819
06062011 1.04751
07062011 1.05002
08062011 1.04479
09062011 1.04039
10062011 1.03591
11062011 1.03205
13062011 1.03095
14062011 1.03683
15062011 1.03495
16062011 1.03480
17062011 1.03593
18062011 1.04027
20062011 1.04020
21062011 1.03535
22062011 1.03029
23062011 1.02910
24062011 1.02816
25062011 1.03683
27062011 1.03341
28062011 1.02874
29062011 1.03497
30062011 1.03533
01072011 1.03347
02072011 1.03392
04072011 1.03346
05072011 1.03093
06072011 1.02865
07072011 1.03141
08072011 1.03297
09072011 1.03270
11072011 1.02962
12072011 1.03111
13072011 1.02373
14072011 1.03092
15072011 1.02872
16072011 1.01598
18072011 1.01397
19072011 1.01658
20072011 1.01960
21072011 1.01760
22072011 1.02419
23072011 1.02973
25072011 1.02681
26072011 1.02594
27072011 1.03335
28072011 1.04559
29072011 1.04524
30072011 1.04971
01082011 1.05069
02082011 1.04869
03082011 1.03700
04082011 1.03461
05082011 1.02622
06082011 1.02355
08082011 1.02337
09082011 1.01292
10082011 1.01597
11082011 1.01363
12082011 1.02060
13082011 1.02545
15082011 1.02345
16082011 1.02918
17082011 1.02861
18082011 1.03422
19082011 1.02783
20082011 1.02850
22082011 1.02810
23082011 1.03080
24082011 1.03913
25082011 1.03333
26082011 1.03030
27082011 1.04001
29082011 1.03726
30082011 1.04120
31082011 1.04727
01092011 1.04670
02092011 1.04778
03092011 1.04843
05092011 1.04630
06092011 1.04476
07092011 1.04045
08092011 1.04943
09092011 1.04516
10092011 1.04143
12092011 1.04015
13092011 1.02630
14092011 1.01738
15092011 1.01695
16092011 1.01547
17092011 1.01499
19092011 1.00927
20092011 1.01192
21092011 1.01805
22092011 1.01120
23092011 1.00274
24092011 1.00525
26092011 1.00781
27092011 1.00881
28092011 1.01127
29092011 1.01091
30092011 1.01409
01102011 1.01439
03102011 1.01273
04102011 1.01020
05102011 1.00651
06102011 1.00403
07102011 1.01253
08102011 1.01534
10102011 1.01297
11102011 1.02499
12102011 1.02722
13102011 1.03327
14102011 1.04012
15102011 1.04511
17102011 1.04382
18102011 1.04125
19102011 1.04201
20102011 1.04293
21102011 1.03947
22102011 1.04370
24102011 1.04307
25102011 1.05057
26102011 1.05871
27102011 1.04500
28102011 1.06202
29102011 1.06282
31102011 1.06107
01112011 1.05354
02112011 1.05351
03112011 1.04818
04112011 1.04923
07112011 1.05785
08112011 1.05014
09112011 1.04895
10112011 1.03733
11112011 1.03201
14112011 1.04269
15112011 1.03684
16112011 1.03881
17112011 1.03203
18112011 1.02610
22112011 1.02488
23112011 1.02070
24112011 1.01505
25112011 1.01709
26112011 1.01769
28112011 1.02470
29112011 1.02457
30112011 1.03262
01122011 1.04644
02122011 1.03879
03122011 1.04133
05122011 1.04270
06122011 1.04548
07122011 1.03526
08122011 1.03890
09122011 1.03800
10122011 1.04029
12122011 1.03997
13122011 1.03303
14122011 1.03482
15122011 1.02915
16122011 1.02708
17122011 1.03411
19122011 1.03474
20122011 1.02773
21122011 1.03763
22122011 1.03558
23122011 1.03473
24122011 1.03499
26122011 1.03240
27122011 1.03686
28122011 1.03535
29122011 1.03354
30122011 1.03459
31122011 1.04075
02012012 1.04209
03012012 1.04224
04012012 1.04863
05012012 1.04998
06012012 1.04635
07012012 1.05079
09012012 1.04763
10012012 1.04801
11012012 1.04897
12012012 1.05062
13012012 1.05277
14012012 1.05387
16012012 1.05349
17012012 1.04898
18012012 1.05377
19012012 1.05470
20012012 1.05218
21012012 1.06199
23012012 1.06125
24012012 1.06153
25012012 1.05852
26012012 1.06463
27012012 1.06395
28012012 1.06648
30012012 1.06480
31012012 1.06220
01022012 1.06405
02022012 1.06831
03022012 1.06984
04022012 1.07138
06022012 1.06930
07022012 1.06913
08022012 1.07441
09022012 1.07524
10022012 1.07308
11022012 1.06866
13022012 1.06995
14022012 1.07344
15022012 1.06543
16022012 1.06770
17022012 1.07131
18022012 1.06750
20022012 1.07107
21022012 1.06734
22022012 1.06319
23022012 1.06371
24022012 1.06712
25022012 1.07032
27022012 1.06846
28022012 1.07462
29022012 1.07132
01032012 1.06432
02032012 1.06396
03032012 1.06101
05032012 1.06147
06032012 1.06027
07032012 1.05502
08032012 1.05621
09032012 1.05473
10032012 1.04663
12032012 1.04629
13032012 1.04271
14032012 1.04145
15032012 1.03776
16032012 1.04489
17032012 1.04949
19032012 1.05002
20032012 1.04752
21032012 1.03916
22032012 1.03707
23032012 1.03794
24032012 1.04581
26032012 1.04340
27032012 1.04393
28032012 1.04131
29032012 1.03751
30032012 1.03461
31032012 1.03311
02042012 1.03735
03042012 1.03239
04042012 1.02325
05042012 1.02199
06042012 1.02384
07042012 1.02784
09042012 1.02669
10042012 1.02838
11042012 1.02961
12042012 1.03387
13042012 1.03754
14042012 1.03505
16042012 1.03583
17042012 1.03525
18042012 1.02940
19042012 1.02592
20042012 1.02859
21042012 1.02922
23042012 1.02824
24042012 1.02230
25042012 1.01669
26042012 1.01825
27042012 1.02254
28042012 1.02612
30042012 1.02578
01052012 1.02917
02052012 1.01842
03052012 1.01908
04052012 1.01452
05052012 1.01390
07052012 1.01101
08052012 1.01276
09052012 1.00949
10052012 1.00689
11052012 1.01063
12052012 1.00387
14052012 1.00133
15052012 0.99935
16052012 0.99966
17052012 1.00317
18052012 1.00933
19052012 1.00239
21052012 1.00544
22052012 1.00834
23052012 1.00310
24052012 1.00038
25052012 1.00224
26052012 1.00454
28052012 1.00738
29052012 1.00796
30052012 1.00668
31052012 1.00047
01062012 1.00608
02062012 1.00707
04062012 1.00714
05062012 1.01124
06062012 1.01105
07062012 1.02031
08062012 1.01766
09062012 1.01885
11062012 1.02036
12062012 1.01757
13062012 1.02131
14062012 1.02341
15062012 1.02350
16062012 1.03101
18062012 1.03242
19062012 1.03613
20062012 1.03756
21062012 1.03687
22062012 1.03225
23062012 1.03170
25062012 1.03151
26062012 1.02979
27062012 1.03065
28062012 1.03351
29062012 1.03762
30062012 1.04157
02072012 1.04316
03072012 1.04276
04072012 1.04089
05072012 1.04094
06072012 1.04364
07072012 1.04100
09072012 1.04057
10072012 1.03987
11072012 1.04154
12072012 1.04462
13072012 1.03282
14072012 1.03704
16072012 1.03846
17072012 1.04011
18072012 1.04399
19072012 1.04744
20072012 1.05082
21072012 1.05070
23072012 1.05027
24072012 1.04501
25072012 1.04590
26072012 1.04702
27072012 1.04969
28072012 1.05189
30072012 1.05148
31072012 1.05195
01082012 1.05388
02082012 1.05094
03082012 1.05327
04082012 1.05772
06082012 1.05848
07082012 1.05671
08082012 1.05231
09082012 1.05135
10082012 1.04934
11082012 1.04802
13082012 1.04648
14082012 1.04334
15082012 1.04060
16082012 1.03886
17082012 1.03751
18082012 1.03085
20082012 1.03148
21082012 1.03305
22082012 1.03669
23082012 1.04125
24082012 1.03729
25082012 1.03185
27082012 1.03366
28082012 1.02731
29082012 1.02534
30082012 1.02456
31082012 1.02167
01092012 1.01839
03092012 1.01582
04092012 1.01042
05092012 1.00770
06092012 1.00933
07092012 1.01061
08092012 1.01713
10092012 1.01369
11092012 1.01037
12092012 1.01571
13092012 1.02104
14092012 1.02081
15092012 1.02483
17092012 1.02402
18092012 1.02124
19092012 1.01814
20092012 1.02200
21092012 1.01962
22092012 1.02003
24092012 1.01885
25092012 1.01951
26092012 1.01840
27092012 1.02084
28092012 1.02425
29092012 1.01964
01102012 1.01976
02102012 1.01875
03102012 1.00991
04102012 1.00814
05102012 1.00435
06102012 0.99535
08102012 0.99245
09102012 0.99613
10102012 0.99803
11102012 1.00390
12102012 1.00462
13102012 1.00188
15102012 1.00185
16102012 1.00463
17102012 1.01387
18102012 1.01551
19102012 1.02123
20102012 1.02526
22102012 1.02571
23102012 1.02402
24102012 1.01833
25102012 1.02852
26102012 1.02975
27102012 1.03460
29102012 1.03417
30102012 1.03393
31102012 1.03568
01112012 1.03656
02112012 1.03646
03112012 1.02875
05112012 1.02887
06112012 1.03263
07112012 1.03523
08112012 1.03808
09112012 1.04092
10112012 1.03954
12112012 1.03986
13112012 1.04197
14112012 1.04524
15112012 1.04118
16112012 1.03456
17112012 1.03497
19112012 1.03497
20112012 1.03719
21112012 1.03505
22112012 1.03261
23112012 1.03591
24112012 1.03782
26112012 1.03689
27112012 1.03919
28112012 1.03890
29112012 1.03731
30112012 1.03530
01122012 1.03497
03122012 1.03622
04122012 1.03631
05122012 1.03982
06122012 1.03710
07122012 1.03879
08122012 1.03789
10122012 1.03513
11122012 1.03490
12122012 1.03781
13122012 1.03940
14122012 1.03584
15122012 1.04165
17122012 1.04011
18122012 1.03785
19122012 1.03742
20122012 1.03620
21122012 1.03504
22122012 1.03440
24122012 1.03330
25122012 1.02735
26122012 1.02770
27122012 1.03126
28122012 1.03234
29122012 1.03326
31122012 1.03310
01012013 1.03241
02012013 1.03156
03012013 1.03419
04012013 1.03432
05012013 1.03382
07012013 1.03291
08012013 1.03505
09012013 1.03596
10012013 1.03769
11012013 1.04272
12012013 1.03656
14012013 1.03846
15012013 1.03929
16012013 1.03922
17012013 1.04217
18012013 1.03832
19012013 1.04296
21012013 1.04244
22012013 1.04422
23012013 1.04856
24012013 1.05404
25012013 1.05026
26012013 1.04935
28012013 1.04818
29012013 1.04805
30012013 1.04857
31012013 1.04279
02022013 1.03806
04022013 1.03848
05022013 1.04102
06022013 1.03707
07022013 1.02745
08022013 1.02609
09022013 1.03434
11022013 1.03381
12022013 1.03392
13022013 1.03314
14022013 1.03610
15022013 1.03641
16022013 1.03679
18022013 1.03702
19022013 1.04081
20022013 1.04835
21022013 1.04312
22022013 1.04309
23022013 1.05558
25022013 1.05301
26022013 1.05528
27022013 1.05008
28022013 1.04757
01032013 1.05264
02032013 1.04833
04032013 1.04754
05032013 1.04770
06032013 1.05254
07032013 1.05646
08032013 1.05700
09032013 1.05312
11032013 1.04966
12032013 1.05437
13032013 1.05928
14032013 1.05877
15032013 1.06099
16032013 1.06072
18032013 1.05786
19032013 1.06215
20032013 1.06491
21032013 1.06428
22032013 1.06899
23032013 1.06882
25032013 1.06846
26032013 1.06841
27032013 1.06563
28032013 1.06186
29032013 1.05784
30032013 1.05897
01042013 1.06017
02042013 1.05939
03042013 1.06001
04042013 1.06054
05042013 1.05649
06042013 1.05656
08042013 1.05541
09042013 1.05906
10042013 1.06569
11042013 1.06958
12042013 1.06554
13042013 1.06562
15042013 1.06495
16042013 1.05597
17042013 1.06075
18042013 1.05705
19042013 1.05641
20042013 1.05565
22042013 1.05370
23042013 1.05329
24042013 1.05344
25042013 1.05485
26042013 1.05486
27042013 1.05486
29042013 1.04478
30042013 1.04677
01052013 1.04429
02052013 1.03530
03052013 1.03344
04052013 1.03985
06052013 1.03742
07052013 1.03217
08052013 1.02262
09052013 1.01983
10052013 1.01532
11052013 1.01231
13052013 1.01133
14052013 1.00632
15052013 1.00582
16052013 1.00525
17052013 0.99929
18052013 1.00060
20052013 1.00289
21052013 1.00501
22052013 1.00643
23052013 1.00560
24052013 1.00342
25052013 0.99603
27052013 0.99377
28052013 0.99536
29052013 1.00122
30052013 0.99784
31052013 0.99497
01062013 0.99201
03062013 0.99727
04062013 1.00300
05062013 0.99772
06062013 0.98660
07062013 0.98604
08062013 0.96861
10062013 0.96048
11062013 0.96405
12062013 0.96148
13062013 0.96678
14062013 0.97961
15062013 0.97518
17062013 0.97227
18062013 0.97343
19062013 0.96758
20062013 0.95655
21062013 0.95384
22062013 0.96537
24062013 0.96498
25062013 0.97126
26062013 0.97366
27062013 0.97193
28062013 0.97186
29062013 0.96145
01072013 0.95885
02072013 0.96860
03072013 0.96427
04072013 0.95265
05072013 0.96236
06072013 0.95725
08072013 0.95756
09072013 0.96423
10072013 0.96754
11072013 0.95814
12072013 0.95324
13072013 0.94193
15072013 0.94128
16072013 0.94831
17072013 0.95925
18072013 0.96137
19072013 0.95150
20072013 0.95261
22072013 0.95069
23072013 0.95591
24072013 0.95569
25072013 0.94481
26072013 0.95022
27072013 0.95224
29072013 0.95106
03092013 0.90277
04092013 0.95996
05092013 0.96199
06092013 0.95921
07092013 0.95643
09092013 0.95763
10092013 0.95807
11092013 0.96375
12092013 0.96218
13092013 0.95672
14092013 0.95689
16092013 0.96265
17092013 0.96156
18092013 0.96303
19092013 0.97126
20092013 0.96915
21092013 0.96898
23092013 0.96547
24092013 0.97120
25092013 0.96726
26092013 0.96644
27092013 0.96460
28092013 0.95965
30092013 0.95952
01102013 0.96080
02102013 0.97061
03102013 0.96957
04102013 0.97109
05102013 0.97079
07102013 0.97023
08102013 0.97239
09102013 0.97786
10102013 0.98164
11102013 0.98381
12102013 0.98029
14102013 0.97744
15102013 0.98269
16102013 0.98725
17102013 0.98685
18102013 0.99083
19102013 0.99559
21102013 0.99403
22102013 0.99471
23102013 0.99872
24102013 0.99965
25102013 1.00245
26102013 1.00215
28102013 1.00061
29102013 0.99925
30102013 0.99208
31102013 0.99296
01112013 0.98554
02112013 0.98378
04112013 0.98432
05112013 0.99073
06112013 0.99295
07112013 0.99316
08112013 0.98796
09112013 0.98316
11112013 0.98307
12112013 0.97969
13112013 0.97529
14112013 0.97559
15112013 0.97672
16112013 0.97803
18112013 0.97829
19112013 0.97788
20112013 0.98637
21112013 0.97541
22112013 0.97024
23112013 0.96512
25112013 0.96432
26112013 0.96649
27112013 0.96317
28112013 0.96170
29112013 0.96476
30112013 0.96670
02122013 0.96866
03122013 0.96780
04122013 0.97302
05122013 0.96430
06122013 0.96520
07122013 0.97004
09122013 0.97043
10122013 0.96875
11122013 0.97146
16122013 0.94576
17122013 0.94746
18122013 0.94426
19122013 0.94677
20122013 0.94436
21122013 0.95072
23122013 0.94888
24122013 0.94752
26122013 0.94800
27122013 0.94628
28122013 0.94952
30122013 0.94801
31122013 0.94831
01012014 0.94929
02012014 0.94691
03012014 0.94958
04012014 0.95282
06012014 0.95223
07012014 0.95496
08012014 0.96038
09012014 0.96265
10012014 0.96575
11012014 0.97946
13012014 0.98017
14012014 0.98327
15012014 0.98076
16012014 0.97587
17012014 0.96267
18012014 0.96207
20012014 0.96179
21012014 0.96457
22012014 0.96659
23012014 0.98026
24012014 0.97370
25012014 0.96422
27012014 0.96128
28012014 0.97102
29012014 0.97802
30012014 0.97546
31012014 0.98158
01022014 0.97314
03022014 0.97392
04022014 0.97130
05022014 0.98904
06022014 0.98662
07022014 0.99192
08022014 0.98849
10022014 0.98756
11022014 0.98783
12022014 0.99511
13022014 0.99309
14022014 0.98641
15022014 0.99218
17022014 0.99443
18022014 0.98935
19022014 0.98853
20022014 0.99749
21022014 0.99951
22022014 0.99827
24022014 0.99713
25022014 0.99960
26022014 0.99914
06032014 0.99626
07032014 0.99903
11032014 1.00469
12032014 0.99547
13032014 0.99927
14032014 0.99774
15032014 1.00144
17032014 0.99857
18032014 1.00431
19032014 1.01612
20032014 1.01644
21032014 1.01601
22032014 1.01852
24032014 1.02026
25032014 1.02203
26032014 1.02269
27032014 1.02328
28032014 1.02172
29032014 1.02294
31032014 1.02200
01042014 1.02511
02042014 1.02015
03042014 1.01969
04042014 1.01859
05042014 1.01949
07042014 1.01918
08042014 1.01642
09042014 1.02215
10042014 1.02077
11042014 1.02885
12042014 1.03135
14042014 1.03034
15042014 1.03201
16042014 1.02665
17042014 1.03306
18042014 1.02735
19042014 1.02805
21042014 1.02881
22042014 1.02745
06052014 1.01672
07052014 1.01788
08052014 1.01656
09052014 1.01490
10052014 1.01964
12052014 1.02017
19052014 1.01547
20052014 1.01369
21052014 1.00847
22052014 1.00852
23052014 1.00507
24052014 1.00339
26052014 1.00403
27052014 1.00375
28052014 1.00564
29052014 1.00406
30052014 1.00806
31052014 1.00903
02062014 1.00921
03062014 1.00760
04062014 1.01047
05062014 1.01483
06062014 1.02056
07062014 1.01990
09062014 1.02023
10062014 1.02034
11062014 1.02223
12062014 1.01973
13062014 1.02293
14062014 1.02071
16062014 1.01990
17062014 1.01911
18062014 1.01417
19062014 1.01920
20062014 1.01703
21062014 1.00928
23062014 1.00814
24062014 1.00810
25062014 1.00707
26062014 1.00767
27062014 1.00641
28062014 1.00470
30062014 1.00481
01072014 1.00610
02072014 1.00948
03072014 1.00667
04072014 0.99439
05072014 0.99773
07072014 0.99713
08072014 1.00093
09072014 1.00370
10072014 1.00351
11072014 1.00061
12072014 1.00793
14072014 1.00689
15072014 1.00677
16072014 1.00807
17072014 1.00646
18072014 1.00648
19072014 1.00842
21072014 1.00787
22072014 1.00586
23072014 1.00859
24072014 1.01471
25072014 1.01212
26072014 1.01597
28072014 1.01623
29072014 1.01654
30072014 1.01874
31072014 1.01652
01082014 1.01328
02082014 1.01739
04082014 1.01629
05082014 1.01801
06082014 1.02001
07082014 1.02026
08082014 1.01350
09082014 1.01789
