01062012 76.190
02062012 75.640
04062012 75.700
05062012 76.060
06062012 76.560
07062012 78.290
08062012 79.050
09062012 78.500
11062012 79.470
12062012 78.650
13062012 78.760
14062012 79.090
15062012 79.080
16062012 79.160
18062012 79.670
19062012 79.980
20062012 80.450
21062012 81.080
22062012 80.580
23062012 80.920
25062012 80.760
26062012 79.530
27062012 79.870
28062012 80.210
29062012 79.440
30062012 81.760
02072012 81.930
03072012 81.300
04072012 82.110
05072012 82.020
06072012 82.210
07072012 81.160
09072012 81.140
10072012 81.160
11072012 81.060
12072012 81.660
13072012 80.320
14072012 80.900
16072012 81.210
17072012 80.650
18072012 81.410
19072012 81.560
20072012 81.800
21072012 81.360
23072012 81.220
24072012 80.510
25072012 79.930
26072012 80.640
27072012 81.270
28072012 82.260
30072012 82.130
31072012 81.980
01082012 82.140
02082012 82.140
03082012 81.680
04082012 82.900
06082012 83.040
07082012 82.620
08082012 83.060
09082012 82.850
10082012 82.980
11082012 82.590
13082012 82.520
14082012 82.230
15082012 82.610
16082012 82.780
17082012 83.400
18082012 82.870
20082012 82.970
21082012 82.910
22082012 83.110
23082012 82.600
24082012 81.910
25082012 81.870
27082012 82.000
28082012 81.660
29082012 81.370
30082012 81.560
31082012 80.810
01092012 80.800
03092012 80.540
04092012 80.190
05092012 80.120
06092012 79.800
07092012 81.190
08092012 81.210
10092012 81.110
11092012 80.950
12092012 81.220
13092012 81.420
14092012 81.520
15092012 82.670
17092012 82.650
18092012 82.350
19092012 82.100
20092012 82.020
21092012 81.450
22092012 81.710
24092012 81.600
25092012 80.970
26092012 81.070
27092012 80.470
28092012 81.120
29092012 81.090
01102012 80.770
02102012 80.920
03102012 80.120
04102012 80.090
05102012 80.430
06102012 80.140
08102012 79.850
09102012 79.880
10102012 79.670
11102012 79.880
12102012 80.360
13102012 80.100
15102012 80.410
16102012 80.680
17102012 80.980
18102012 81.760
19102012 82.000
20102012 81.820
22102012 81.740
23102012 82.250
24102012 81.850
25102012 82.520
26102012 83.100
27102012 82.510
29102012 82.510
30102012 82.450
31102012 82.510
01112012 82.680
02112012 83.320
03112012 83.100
05112012 83.120
06112012 83.130
07112012 83.840
08112012 83.150
09112012 82.820
10112012 82.500
12112012 82.610
13112012 82.800
14112012 82.870
15112012 83.270
16112012 83.820
17112012 83.990
19112012 84.210
20112012 84.390
21112012 84.630
22112012 85.450
23112012 85.550
24112012 86.180
26112012 86.070
27112012 85.830
28112012 85.960
29112012 85.740
30112012 85.630
01122012 85.970
03122012 85.860
04122012 85.610
05122012 85.720
06122012 86.100
07122012 86.210
08122012 86.250
10122012 86.510
11122012 86.330
12122012 86.820
13122012 87.900
14122012 87.790
15122012 88.200
17122012 88.950
18122012 88.300
19122012 88.540
20122012 88.580
21122012 88.480
22122012 87.570
24122012 87.680
25122012 87.910
26122012 87.880
27122012 88.720
28122012 89.120
29122012 89.220
31122012 88.930
01012013 89.930
02012013 90.010
03012013 91.340
04012013 91.490
05012013 92.300
07012013 92.280
08012013 91.920
09012013 91.470
10012013 92.240
11012013 93.340
12012013 93.900
14012013 94.170
15012013 94.280
16012013 93.610
17012013 93.510
18012013 94.740
19012013 94.540
21012013 94.620
22012013 94.330
23012013 93.620
24012013 93.410
25012013 94.000
26012013 94.770
28012013 94.790
29012013 94.420
30012013 94.890
31012013 94.870
01022013 95.330
02022013 96.340
04022013 96.690
05022013 96.360
06022013 97.070
07022013 96.170
08022013 96.090
09022013 95.730
11022013 95.590
12022013 96.120
13022013 96.280
14022013 96.720
15022013 96.170
16022013 96.340
18022013 96.380
19022013 96.710
20022013 96.680
21022013 96.170
22022013 95.080
23022013 96.440
25022013 97.370
26022013 95.570
27022013 93.930
28022013 93.750
01032013 94.870
02032013 95.440
04032013 95.490
05032013 94.910
06032013 95.660
07032013 96.080
08032013 97.500
09032013 97.970
11032013 97.970
12032013 98.840
13032013 98.930
14032013 98.960
15032013 99.670
16032013 99.270
18032013 97.880
19032013 99.140
20032013 98.500
21032013 99.500
22032013 99.110
23032013 98.620
25032013 98.660
26032013 98.280
27032013 99.070
28032013 98.500
29032013 97.950
30032013 98.070
01042013 98.200
02042013 97.290
03042013 97.600
04042013 97.030
05042013 100.220
06042013 101.000
08042013 101.780
09042013 103.050
10042013 104.030
11042013 105.000
12042013 105.270
13042013 103.940
15042013 103.150
16042013 101.250
17042013 101.390
18042013 100.470
19042013 101.050
20042013 102.070
22042013 102.550
23042013 101.730
24042013 101.890
25042013 102.010
26042013 102.400
27042013 100.840
29042013 100.650
30042013 101.380
01052013 101.050
02052013 99.940
03052013 100.530
04052013 102.190
06052013 102.154
07052013 101.830
08052013 100.770
09052013 100.620
10052013 102.010
11052013 101.720
13052013 101.866
14052013 101.310
15052013 101.110
16052013 100.980
17052013 100.330
18052013 100.310
20052013 100.224
21052013 100.320
22052013 100.620
23052013 100.110
24052013 99.080
25052013 97.280
27052013 97.405
28052013 97.300
29052013 98.320
30052013 97.280
31052013 97.510
01062013 96.740
03062013 96.577
04062013 96.980
05062013 96.180
06062013 94.580
07062013 93.150
08062013 92.450
10062013 92.007
11062013 93.310
12062013 90.160
13062013 91.050
14062013 90.880
15062013 90.290
17062013 90.020
18062013 90.540
19062013 90.360
20062013 90.850
21062013 90.110
22062013 90.010
24062013 90.137
25062013 90.550
26062013 90.530
27062013 90.500
28062013 91.181
29062013 90.672
01072013 90.397
02072013 91.919
03072013 92.005
04072013 90.590
05072013 91.640
06072013 91.460
08072013 91.613
09072013 92.050
10072013 92.580
11072013 91.750
12072013 90.740
13072013 89.900
15072013 90.033
16072013 90.740
17072013 91.560
18072013 91.830
19072013 92.080
20072013 92.130
22072013 92.134
23072013 92.030
24072013 92.350
25072013 91.740
26072013 91.740
27072013 90.690
29072013 90.712
30072013 89.810
31072013 88.760
01082013 88.020
02082013 88.830
03082013 88.170
05082013 88.170
06082013 87.750
07082013 87.780
08082013 86.860
09082013 87.840
10082013 88.580
12082013 88.460
13082013 88.290
14082013 89.290
15082013 89.580
16082013 88.940
17082013 89.530
19082013 89.630
20082013 89.050
21082013 88.340
22082013 88.150
23082013 88.930
24082013 89.080
26082013 89.010
27082013 88.990
28082013 86.990
29082013 87.390
30082013 87.630
31082013 87.310
02092013 87.970
03092013 89.140
04092013 90.955
05092013 91.344
06092013 91.436
07092013 91.036
09092013 91.701
10092013 91.966
11092013 93.431
12092013 93.146
13092013 92.140
14092013 91.781
16092013 92.199
17092013 92.324
18092013 92.739
19092013 93.177
20092013 93.870
21092013 93.458
23092013 92.916
24092013 93.269
25092013 92.719
26092013 92.246
27092013 92.485
28092013 91.501
30092013 90.925
01102013 91.693
02102013 91.966
03102013 91.396
04102013 91.478
05102013 91.929
07102013 91.667
08102013 91.338
09102013 91.390
10102013 91.954
11102013 92.969
12102013 93.311
14102013 92.722
15102013 93.635
16102013 93.496
17102013 94.371
18102013 94.238
19102013 94.634
21102013 94.598
22102013 94.818
23102013 95.242
24102013 93.741
25102013 93.542
26102013 93.354
28102013 93.664
29102013 93.498
30102013 93.036
31102013 93.413
01112013 92.939
02112013 93.181
04112013 93.261
05112013 93.687
06112013 93.576
07112013 94.070
08112013 92.580
09112013 92.944
11112013 92.951
12112013 92.812
13112013 92.654
14112013 92.635
15112013 93.209
16112013 93.822
18112013 93.932
19112013 93.816
20112013 94.339
21112013 93.386
22112013 93.195
23112013 92.864
25112013 92.873
26112013 93.066
27112013 92.477
28112013 92.689
29112013 93.161
30112013 93.307
02122013 93.535
03122013 93.813
04122013 93.524
05122013 92.204
06122013 92.181
07122013 93.639
09122013 93.980
10122013 94.006
11122013 94.057
16122013 92.013
17122013 92.181
18122013 91.351
19122013 91.971
20122013 92.241
21122013 92.784
23122013 92.787
24122013 92.997
26122013 93.113
27122013 93.106
28122013 93.164
30122013 93.187
31122013 93.633
01012014 94.015
02012014 93.726
03012014 93.251
04012014 93.918
06012014 93.890
07012014 93.461
08012014 93.213
09012014 93.362
10012014 93.099
11012014 93.541
13012014 93.557
14012014 93.207
15012014 93.342
16012014 93.186
17012014 91.960
18012014 91.469
20012014 91.435
21012014 91.682
22012014 91.784
23012014 92.359
24012014 90.367
25012014 89.135
27012014 88.491
28012014 89.904
29012014 90.217
30012014 89.209
31012014 90.210
01022014 89.471
03022014 89.470
04022014 88.287
05022014 90.764
06022014 90.248
07022014 91.524
08022014 91.659
10022014 91.766
11022014 91.390
12022014 92.731
13022014 92.542
14022014 91.937
15022014 92.038
17022014 92.077
18022014 92.006
19022014 92.431
20022014 92.160
21022014 92.043
22022014 91.964
24022014 92.075
25022014 92.645
26022014 92.120
06032014 92.744
07032014 93.723
11032014 93.351
12032014 92.312
13032014 92.321
14032014 91.723
15032014 91.435
17032014 91.148
18032014 92.453
19032014 92.510
20032014 92.628
21032014 92.570
22032014 92.797
24032014 92.980
25032014 93.286
26032014 93.728
27032014 94.143
28032014 94.611
29032014 95.092
31032014 95.113
01042014 95.706
02042014 95.861
03042014 95.977
04042014 95.887
05042014 95.864
07042014 95.868
08042014 95.521
09042014 95.170
10042014 95.716
11042014 95.500
12042014 95.471
14042014 95.380
15042014 95.884
16042014 95.254
17042014 95.904
18042014 95.537
19042014 95.532
21042014 95.577
22042014 95.699
23042014 96.070
24042014 94.930
25042014 94.610
26042014 94.640
28042014 94.740
29042014 94.620
30042014 95.050
01052014 94.780
02052014 94.790
03052014 94.660
05052014 94.840
06052014 94.670
07052014 95.073
08052014 95.094
09052014 95.239
10052014 95.278
12052014 95.359
19052014 95.160
20052014 94.576
21052014 93.720
22052014 93.688
23052014 93.862
24052014 94.148
26052014 94.146
27052014 94.194
28052014 94.445
29052014 94.051
30052014 94.643
31052014 94.734
02062014 94.816
03062014 94.688
04062014 94.950
05062014 95.301
06062014 95.637
07062014 95.685
09062014 95.698
10062014 95.902
11062014 95.922
12062014 95.742
13062014 95.787
14062014 95.891
16062014 95.875
17062014 95.742
18062014 95.346
19062014 95.780
20062014 95.806
21062014 95.823
23062014 95.694
24062014 95.925
25062014 95.533
26062014 95.736
27062014 95.723
28062014 95.579
30062014 95.496
01072014 95.517
02072014 96.410
03072014 96.046
04072014 95.525
05072014 95.558
07072014 95.539
08072014 95.475
09072014 95.455
10072014 95.660
11072014 95.212
12072014 95.145
14072014 95.056
15072014 95.415
16072014 95.288
17072014 95.272
18072014 94.699
19072014 95.188
21072014 95.181
22072014 95.047
23072014 95.303
24072014 96.006
25072014 95.885
26072014 95.663
28072014 95.637
29072014 95.864
30072014 95.792
31072014 95.931
01082014 95.591
02082014 95.523
04082014 95.451
05082014 95.724
06082014 95.449
07082014 95.407
08082014 94.662
09082014 94.706
