04082010 1.24302
05082010 1.24667
06082010 1.25312
09082010 1.25287
10082010 1.25642
11082010 1.26082
12082010 1.25467
13082010 1.26352
16082010 1.26352
17082010 1.26922
18082010 1.27117
19082010 1.25662
20082010 1.26202
23082010 1.25627
24082010 1.26007
25082010 1.25447
26082010 1.26262
27082010 1.26122
30082010 1.26352
31082010 1.26062
01092010 1.27402
02092010 1.27907
03092010 1.27442
06092010 1.27332
07092010 1.26532
08092010 1.26627
09092010 1.26942
10092010 1.27282
13092010 1.27082
14092010 1.27462
15092010 1.27987
16092010 1.28132
17092010 1.29267
20092010 1.28907
21092010 1.29747
22092010 1.29902
23092010 1.29487
24092010 1.30107
28092010 1.30817
29092010 1.30822
30092010 1.31457
01102010 1.31697
04102010 1.30612
05102010 1.30547
06102010 1.29677
07102010 1.29811
08102010 1.30875
09102010 1.30628
11102010 1.30586
12102010 1.30877
13102010 1.30564
14102010 1.30142
15102010 1.31093
16102010 1.31094
18102010 1.31118
19102010 1.30823
20102010 1.29999
21102010 1.30725
22102010 1.30953
23102010 1.31339
25102010 1.31607
26102010 1.31532
27102010 1.31438
28102010 1.30533
29102010 1.29747
30102010 1.28480
01112010 1.28567
02112010 1.28652
03112010 1.29507
04112010 1.28962
05112010 1.27687
08112010 1.27883
09112010 1.28594
10112010 1.28950
11112010 1.28229
12112010 1.27789
13112010 1.27359
15112010 1.27181
16112010 1.27405
17112010 1.27206
18112010 1.27190
19112010 1.27102
20112010 1.26471
22112010 1.26605
23112010 1.27681
24112010 1.28209
25112010 1.28980
26112010 1.28996
27112010 1.28483
29112010 1.28654
30112010 1.28892
01122010 1.28917
02122010 1.29209
03122010 1.29307
06122010 1.29586
07122010 1.29940
08122010 1.29787
09122010 1.31184
10122010 1.31318
11122010 1.31622
13122010 1.31748
14122010 1.31721
15122010 1.32792
16122010 1.33427
17122010 1.33880
18122010 1.34079
20122010 1.34246
21122010 1.33894
22122010 1.34081
23122010 1.34700
24122010 1.34346
27122010 1.33915
28122010 1.33938
29122010 1.33016
30122010 1.32530
31122010 1.31792
03012011 1.31419
04012011 1.31417
05012011 1.31095
06012011 1.31867
07012011 1.31195
10012011 1.30648
11012011 1.30425
12012011 1.29686
13012011 1.30397
14012011 1.29409
15012011 1.28969
17012011 1.28781
18012011 1.28594
19012011 1.29419
20012011 1.29872
21012011 1.30163
24012011 1.30241
25012011 1.30692
26012011 1.29771
27012011 1.29300
28012011 1.28399
29012011 1.28486
02022011 1.29281
03022011 1.29438
04022011 1.31294
05022011 1.31827
07022011 1.31490
08022011 1.31517
09022011 1.30961
10022011 1.30978
11022011 1.31476
14022011 1.31922
15022011 1.32434
16022011 1.32423
17022011 1.32761
18022011 1.33232
19022011 1.33175
21022011 1.32747
22022011 1.32115
23022011 1.33772
24022011 1.34186
25022011 1.34856
28022011 1.35185
01032011 1.35272
02032011 1.35402
03032011 1.36659
04032011 1.36909
07032011 1.37487
08032011 1.37229
09032011 1.36532
10032011 1.36871
11032011 1.35976
12032011 1.36427
14032011 1.36627
15032011 1.36497
16032011 1.35391
17032011 1.35022
18032011 1.36393
21032011 1.36367
22032011 1.36685
23032011 1.36415
24032011 1.36684
25032011 1.36159
28032011 1.36392
29032011 1.36220
30032011 1.35782
31032011 1.35319
01042011 1.35493
02042011 1.35369
04042011 1.35274
05042011 1.34871
06042011 1.34478
07042011 1.33822
08042011 1.34241
09042011 1.34666
11042011 1.34807
12042011 1.34570
13042011 1.33328
14042011 1.33118
15042011 1.32836
16042011 1.32121
18042011 1.32021
19042011 1.32821
20042011 1.33314
21042011 1.34281
22042011 1.34026
23042011 1.33823
25042011 1.33956
26042011 1.33944
27042011 1.33595
28042011 1.34430
29042011 1.36182
30042011 1.35436
02052011 1.35324
03052011 1.35608
04052011 1.35747
05052011 1.35755
06052011 1.34930
10052011 1.35758
11052011 1.36277
12052011 1.35583
13052011 1.33938
14052011 1.34208
16052011 1.34606
17052011 1.35362
18052011 1.35315
19052011 1.34642
20052011 1.34967
21052011 1.33772
23052011 1.33919
24052011 1.32797
25052011 1.32256
26052011 1.32068
27052011 1.31037
28052011 1.30961
30052011 1.30919
31052011 1.30844
01062011 1.29419
02062011 1.29927
03062011 1.30734
04062011 1.31487
06062011 1.31245
07062011 1.31481
08062011 1.30475
09062011 1.30124
10062011 1.28499
11062011 1.28342
13062011 1.28325
14062011 1.29841
16062011 1.30112
17062011 1.31113
18062011 1.30640
20062011 1.30810
21062011 1.30567
22062011 1.30548
23062011 1.29822
24062011 1.29191
27062011 1.29577
28062011 1.29493
29062011 1.29784
30062011 1.29366
01072011 1.29445
02072011 1.30211
04072011 1.29309
05072011 1.29288
06072011 1.29595
07072011 1.29310
08072011 1.29209
11072011 1.28216
12072011 1.28503
13072011 1.29450
14072011 1.28477
15072011 1.27321
16072011 1.25812
18072011 1.25800
19072011 1.25621
20072011 1.25246
21072011 1.25394
22072011 1.25624
23072011 1.25521
25072011 1.25144
26072011 1.25413
27072011 1.25724
28072011 1.26677
29072011 1.26311
30072011 1.24975
01082011 1.25084
02082011 1.25042
03082011 1.24546
04082011 1.24618
05082011 1.25275
06082011 1.24019
08082011 1.24845
09082011 1.23885
10082011 1.23567
11082011 1.25980
12082011 1.24347
13082011 1.24331
15082011 1.24356
16082011 1.26116
17082011 1.25252
18082011 1.26017
19082011 1.26579
20082011 1.27192
22082011 1.26726
23082011 1.26340
24082011 1.25970
25082011 1.26443
26082011 1.26178
27082011 1.25931
29082011 1.25719
30082011 1.26035
31082011 1.25284
01092011 1.25395
02092011 1.26178
03092011 1.25942
05092011 1.25512
06092011 1.26735
07092011 1.27824
08092011 1.28185
09092011 1.27226
10092011 1.27352
12092011 1.26960
13092011 1.25803
14092011 1.25137
15092011 1.25065
16092011 1.25326
17092011 1.24950
19092011 1.24754
20092011 1.23762
21092011 1.24714
22092011 1.25583
23092011 1.24769
24092011 1.26009
26092011 1.26215
27092011 1.25774
28092011 1.25808
29092011 1.25907
30092011 1.26749
01102011 1.26908
03102011 1.26822
04102011 1.26624
05102011 1.25497
06102011 1.25916
07102011 1.26317
08102011 1.26957
10102011 1.26962
11102011 1.27175
12102011 1.27654
13102011 1.27574
14102011 1.28238
15102011 1.28430
17102011 1.28699
18102011 1.28545
19102011 1.29186
20102011 1.29095
21102011 1.28910
22102011 1.28864
24102011 1.28874
25102011 1.29708
26102011 1.30884
27102011 1.30911
28102011 1.30525
29102011 1.30158
31102011 1.30497
01112011 1.30474
02112011 1.29862
03112011 1.30679
04112011 1.30844
07112011 1.30500
08112011 1.30059
09112011 1.30166
10112011 1.29821
11112011 1.30634
12112011 1.30826
14112011 1.30417
15112011 1.30953
16112011 1.31980
17112011 1.31872
18112011 1.31753
22112011 1.31635
23112011 1.31661
24112011 1.30914
25112011 1.31103
26112011 1.31250
28112011 1.30744
29112011 1.31040
30112011 1.31511
01122011 1.31580
02122011 1.31292
03122011 1.31405
05122011 1.31233
06122011 1.31679
07122011 1.31325
08122011 1.32068
09122011 1.31466
10122011 1.31752
12122011 1.31646
13122011 1.31980
14122011 1.32035
15122011 1.31802
16122011 1.31636
17122011 1.30829
19122011 1.30686
20122011 1.30937
21122011 1.30925
22122011 1.31087
23122011 1.31059
24122011 1.31110
26122011 1.31003
27122011 1.31255
28122011 1.31283
29122011 1.31128
30122011 1.31325
31122011 1.31353
02012012 1.31288
03012012 1.30978
04012012 1.31338
05012012 1.31593
06012012 1.31332
07012012 1.30949
09012012 1.30886
10012012 1.29891
11012012 1.29990
12012012 1.29374
13012012 1.30098
14012012 1.29890
16012012 1.29842
17012012 1.29731
18012012 1.29761
19012012 1.28986
20012012 1.29631
21012012 1.29973
23012012 1.29879
24012012 1.29927
25012012 1.29275
26012012 1.29956
27012012 1.29620
28012012 1.29256
30012012 1.29198
31012012 1.29168
01022012 1.28663
02022012 1.28494
03022012 1.28403
04022012 1.28842
06022012 1.28735
07022012 1.28635
08022012 1.29191
09022012 1.29237
10022012 1.29313
11022012 1.28813
13022012 1.28912
14022012 1.28631
15022012 1.28395
16022012 1.28157
17022012 1.29144
18022012 1.28396
20022012 1.28456
21022012 1.28095
22022012 1.27932
23022012 1.28249
24022012 1.28113
25022012 1.27947
27022012 1.27929
28022012 1.28122
29022012 1.28483
01032012 1.28441
02032012 1.28692
03032012 1.29482
05032012 1.29214
06032012 1.29959
07032012 1.29804
08032012 1.28954
09032012 1.29001
10032012 1.28694
12032012 1.28931
13032012 1.28423
14032012 1.28180
15032012 1.29264
16032012 1.28413
17032012 1.28453
19032012 1.28304
20032012 1.28353
21032012 1.28276
22032012 1.28238
23032012 1.28442
24032012 1.27987
26032012 1.27992
27032012 1.28008
28032012 1.27461
29032012 1.27109
30032012 1.27047
31032012 1.26492
02042012 1.26940
03042012 1.26541
04042012 1.26043
05042012 1.25900
06042012 1.26236
07042012 1.25727
09042012 1.25723
10042012 1.25395
11042012 1.25874
12042012 1.25920
13042012 1.26177
14042012 1.25857
16042012 1.25663
17042012 1.26215
18042012 1.26489
19042012 1.26954
20042012 1.26903
21042012 1.26803
23042012 1.26777
24042012 1.26777
25042012 1.26787
26042012 1.27119
27042012 1.27392
28042012 1.27177
30042012 1.27100
01052012 1.27386
02052012 1.26643
03052012 1.27390
04052012 1.28280
05052012 1.28026
07052012 1.28019
08052012 1.28348
09052012 1.28378
10052012 1.28124
11052012 1.28407
12052012 1.27958
14052012 1.27857
15052012 1.28130
16052012 1.29195
17052012 1.29694
18052012 1.29650
19052012 1.30230
21052012 1.29853
22052012 1.29590
23052012 1.30031
24052012 1.29858
25052012 1.29644
26052012 1.29388
28052012 1.29229
29052012 1.29379
30052012 1.29076
31052012 1.28849
01062012 1.29205
02062012 1.28552
04062012 1.28470
05062012 1.28477
06062012 1.28787
07062012 1.28935
08062012 1.28855
09062012 1.28660
11062012 1.28432
12062012 1.28315
13062012 1.28063
14062012 1.28303
15062012 1.27960
16062012 1.27758
18062012 1.27775
19062012 1.27686
20062012 1.27686
21062012 1.28074
22062012 1.27656
23062012 1.27257
25062012 1.27132
26062012 1.27062
27062012 1.27146
28062012 1.27243
29062012 1.27452
30062012 1.27866
02072012 1.28109
03072012 1.27504
04072012 1.27848
05072012 1.27788
06072012 1.27993
07072012 1.28004
09072012 1.27883
10072012 1.28078
11072012 1.28345
12072012 1.28561
13072012 1.28281
14072012 1.28598
16072012 1.28505
17072012 1.28482
18072012 1.29215
19072012 1.29603
20072012 1.29801
21072012 1.29887
23072012 1.29836
24072012 1.30205
25072012 1.30299
26072012 1.30715
27072012 1.29552
28072012 1.29408
30072012 1.29214
31072012 1.29853
01082012 1.29728
02082012 1.29527
03082012 1.29216
04082012 1.28953
06082012 1.29007
07082012 1.28889
08082012 1.29432
09082012 1.29590
10082012 1.30307
11082012 1.30014
13082012 1.29939
14082012 1.30008
15082012 1.30340
16082012 1.30114
17082012 1.29752
18082012 1.29075
20082012 1.29078
21082012 1.29146
22082012 1.29278
23082012 1.29143
24082012 1.28395
25082012 1.28300
27082012 1.28252
28082012 1.28219
29082012 1.29003
30082012 1.29222
31082012 1.28993
01092012 1.28574
03092012 1.28450
04092012 1.28490
05092012 1.28733
06092012 1.28149
07092012 1.28235
08092012 1.27980
10092012 1.27827
11092012 1.27783
12092012 1.27480
13092012 1.27610
14092012 1.26954
15092012 1.27153
17092012 1.27173
18092012 1.26792
19092012 1.26236
20092012 1.26669
21092012 1.25902
22092012 1.25964
24092012 1.25900
25092012 1.26852
26092012 1.26338
27092012 1.25770
28092012 1.25557
29092012 1.25168
01102012 1.25050
02102012 1.25200
03102012 1.24111
04102012 1.24655
05102012 1.24625
06102012 1.24471
08102012 1.24230
09102012 1.24431
10102012 1.24854
11102012 1.25322
12102012 1.25534
13102012 1.25198
15102012 1.25254
16102012 1.25240
17102012 1.26239
18102012 1.26262
19102012 1.26554
20102012 1.26578
22102012 1.26427
23102012 1.26186
24102012 1.26369
25102012 1.26576
26102012 1.26096
27102012 1.26085
29102012 1.25988
30102012 1.26133
31102012 1.26283
01112012 1.26169
02112012 1.25753
03112012 1.25389
05112012 1.25413
06112012 1.25636
07112012 1.26058
08112012 1.26092
09112012 1.27715
10112012 1.27573
12112012 1.27574
13112012 1.27492
14112012 1.27261
15112012 1.28044
16112012 1.27598
17112012 1.27532
19112012 1.27220
20112012 1.27139
21112012 1.27153
22112012 1.27333
23112012 1.27367
24112012 1.26880
26112012 1.26874
27112012 1.27203
28112012 1.27335
29112012 1.26750
30112012 1.26775
01122012 1.27137
03122012 1.26960
04122012 1.26961
05122012 1.27064
06122012 1.26665
07122012 1.25969
08122012 1.25891
10122012 1.25999
11122012 1.25673
12122012 1.25437
13122012 1.25155
14122012 1.24743
15122012 1.24870
17122012 1.24572
18122012 1.24922
19122012 1.25026
20122012 1.25418
21122012 1.25673
22122012 1.26316
24122012 1.26059
25122012 1.25990
26122012 1.26131
27122012 1.26713
28122012 1.26478
29122012 1.26451
31122012 1.26417
01012013 1.25536
02012013 1.25509
03012013 1.26255
04012013 1.26409
05012013 1.26058
07012013 1.26025
08012013 1.25457
09012013 1.25458
10012013 1.25256
11012013 1.25424
12012013 1.25919
14012013 1.25761
15012013 1.25649
16012013 1.25813
17012013 1.25652
18012013 1.25250
19012013 1.25675
21012013 1.25604
22012013 1.25735
23012013 1.25579
24012013 1.25252
25012013 1.24765
26012013 1.24377
28012013 1.24544
29012013 1.25108
30012013 1.24888
31012013 1.24890
02022013 1.23081
04022013 1.22849
05022013 1.23652
06022013 1.23055
07022013 1.22385
08022013 1.23680
09022013 1.23621
11022013 1.23186
12022013 1.22878
13022013 1.22500
14022013 1.22954
15022013 1.21954
16022013 1.21935
18022013 1.22093
19022013 1.21748
20022013 1.22094
21022013 1.22795
22022013 1.22889
23022013 1.23127
25022013 1.23134
26022013 1.22856
27022013 1.23946
28022013 1.23645
01032013 1.23496
02032013 1.23748
04032013 1.23891
05032013 1.23202
06032013 1.23178
07032013 1.23760
08032013 1.23953
09032013 1.24708
11032013 1.24421
12032013 1.24331
13032013 1.25000
14032013 1.24802
15032013 1.26205
16032013 1.25801
18032013 1.25723
19032013 1.25990
20032013 1.25768
21032013 1.26094
22032013 1.25534
23032013 1.24990
25032013 1.25092
26032013 1.25183
27032013 1.24953
28032013 1.24724
29032013 1.24441
30032013 1.24375
01042013 1.24525
02042013 1.24467
03042013 1.24052
04042013 1.24175
05042013 1.23890
06042013 1.23288
08042013 1.23129
09042013 1.23019
10042013 1.23011
11042013 1.22897
12042013 1.22091
13042013 1.22360
15042013 1.22552
16042013 1.22714
17042013 1.22221
18042013 1.22029
19042013 1.22377
20042013 1.22013
22042013 1.22275
23042013 1.21942
24042013 1.22051
25042013 1.20851
26042013 1.20853
27042013 1.20853
29042013 1.21122
30042013 1.20780
01052013 1.20927
02052013 1.20976
03052013 1.20660
04052013 1.20754
06052013 1.20479
07052013 1.20262
08052013 1.20388
09052013 1.21177
10052013 1.20300
11052013 1.20593
13052013 1.20640
14052013 1.20691
15052013 1.20723
16052013 1.20052
17052013 1.20297
18052013 1.20581
20052013 1.20512
21052013 1.20121
22052013 1.20099
23052013 1.20025
24052013 1.19645
25052013 1.19354
27052013 1.18967
28052013 1.19057
29052013 1.19049
30052013 1.18419
31052013 1.19787
01062013 1.20360
03062013 1.20501
04062013 1.20681
05062013 1.20425
06062013 1.19857
07062013 1.19565
08062013 1.20323
10062013 1.20125
11062013 1.19782
12062013 1.19882
13062013 1.18902
14062013 1.19224
15062013 1.18980
17062013 1.18607
18062013 1.19465
19062013 1.18583
20062013 1.18003
21062013 1.18641
22062013 1.19005
24062013 1.18705
25062013 1.19425
26062013 1.19686
27062013 1.18998
28062013 1.19018
29062013 1.17980
01072013 1.17910
02072013 1.18163
03072013 1.18018
04072013 1.16606
05072013 1.16649
06072013 1.17426
08072013 1.17416
09072013 1.16924
10072013 1.16878
11072013 1.16776
12072013 1.17142
13072013 1.16284
15072013 1.16227
16072013 1.16520
17072013 1.17156
18072013 1.16815
19072013 1.16027
20072013 1.15658
22072013 1.15960
23072013 1.16129
24072013 1.16158
25072013 1.15400
26072013 1.14392
27072013 1.14603
29072013 1.14487
03092013 1.15477
04092013 1.16132
05092013 1.15888
06092013 1.15675
07092013 1.14849
09092013 1.14882
10092013 1.15072
11092013 1.15412
12092013 1.15355
13092013 1.13763
14092013 1.13624
16092013 1.13530
17092013 1.14038
18092013 1.13534
19092013 1.13565
20092013 1.12710
21092013 1.12260
23092013 1.12130
24092013 1.12676
25092013 1.13513
26092013 1.13583
27092013 1.12949
28092013 1.12517
30092013 1.12459
01102013 1.12293
02102013 1.13541
03102013 1.12912
04102013 1.13277
05102013 1.13330
07102013 1.13343
08102013 1.13311
09102013 1.13674
10102013 1.13636
11102013 1.14088
12102013 1.13769
14102013 1.13388
15102013 1.13375
16102013 1.13598
17102013 1.13320
18102013 1.13374
19102013 1.13938
21102013 1.13773
22102013 1.14137
23102013 1.13960
24102013 1.14643
25102013 1.15126
26102013 1.15687
28102013 1.15631
29102013 1.15335
30102013 1.14846
31102013 1.14875
01112013 1.14408
02112013 1.14610
04112013 1.14458
05112013 1.14772
06112013 1.14154
07112013 1.13552
08112013 1.13649
09112013 1.13763
11112013 1.13499
12112013 1.13411
13112013 1.13015
14112013 1.12903
15112013 1.12527
16112013 1.12325
18112013 1.12143
19112013 1.12407
20112013 1.12731
21112013 1.12921
22112013 1.12504
23112013 1.12082
25112013 1.11901
26112013 1.11648
27112013 1.11343
28112013 1.11474
29112013 1.12010
30112013 1.11923
02122013 1.11788
03122013 1.11251
04122013 1.10660
05122013 1.10125
06122013 1.10321
07122013 1.09802
09122013 1.09961
10122013 1.09960
11122013 1.10100
16122013 1.08173
17122013 1.08347
18122013 1.07754
19122013 1.07716
20122013 1.08224
21122013 1.08810
23122013 1.08692
24122013 1.08888
26122013 1.08931
27122013 1.08978
28122013 1.08750
30122013 1.08477
31122013 1.08606
01012014 1.08485
02012014 1.08327
03012014 1.08926
04012014 1.08181
06012014 1.08218
07012014 1.08128
08012014 1.07609
09012014 1.07750
10012014 1.07774
11012014 1.08324
13012014 1.08420
14012014 1.08233
15012014 1.06925
16012014 1.06841
17012014 1.05524
18012014 1.06175
20012014 1.06168
21012014 1.06522
22012014 1.05853
23012014 1.06453
24012014 1.05480
25012014 1.05598
27012014 1.05618
28012014 1.06165
29012014 1.06158
30012014 1.06044
31012014 1.07826
01022014 1.08198
03022014 1.08108
04022014 1.08204
05022014 1.08852
06022014 1.08434
07022014 1.08492
08022014 1.08078
10022014 1.08052
11022014 1.08188
12022014 1.08491
13022014 1.08583
14022014 1.07610
15022014 1.07904
17022014 1.08227
18022014 1.07946
19022014 1.08750
20022014 1.08657
21022014 1.08508
22022014 1.08315
24022014 1.08373
25022014 1.08470
26022014 1.08233
06032014 1.06874
07032014 1.07233
11032014 1.06467
12032014 1.05906
13032014 1.06242
14032014 1.05682
15032014 1.05777
17032014 1.05436
18032014 1.06021
19032014 1.05829
20032014 1.05669
21032014 1.05962
22032014 1.06413
24032014 1.06450
25032014 1.06825
26032014 1.06835
27032014 1.07286
28032014 1.06763
29032014 1.06876
31032014 1.06643
01042014 1.06842
02042014 1.06906
03042014 1.07999
04042014 1.08042
05042014 1.08086
07042014 1.08149
08042014 1.07672
09042014 1.07896
10042014 1.07719
11042014 1.08380
12042014 1.08122
14042014 1.08080
15042014 1.08501
16042014 1.08198
17042014 1.08638
18042014 1.08925
19042014 1.08754
21042014 1.08805
22042014 1.08937
06052014 1.06576
07052014 1.06905
08052014 1.07614
09052014 1.08367
10052014 1.08620
12052014 1.08522
19052014 1.08168
20052014 1.08161
21052014 1.07897
22052014 1.07847
23052014 1.07751
24052014 1.08060
26052014 1.08100
27052014 1.08054
28052014 1.08383
29052014 1.08638
30052014 1.09756
31052014 1.09587
02062014 1.09621
03062014 1.09393
04062014 1.09869
05062014 1.10182
06062014 1.09839
07062014 1.09861
09062014 1.09832
10062014 1.10172
11062014 1.09948
12062014 1.09649
13062014 1.08464
14062014 1.08451
16062014 1.08404
17062014 1.08315
18062014 1.07875
19062014 1.07645
20062014 1.07855
21062014 1.07914
23062014 1.07669
24062014 1.08001
25062014 1.07945
26062014 1.07605
27062014 1.07259
28062014 1.07331
30062014 1.07281
01072014 1.07692
02072014 1.08185
03072014 1.07594
04072014 1.06789
05072014 1.07090
07072014 1.07035
08072014 1.06999
09072014 1.06959
10072014 1.06677
11072014 1.06495
12072014 1.06528
14072014 1.06390
15072014 1.06684
16072014 1.06845
17072014 1.07513
18072014 1.07811
19072014 1.08123
21072014 1.07860
22072014 1.07859
23072014 1.08375
24072014 1.08822
25072014 1.09813
26072014 1.09835
28072014 1.09796
29072014 1.10084
30072014 1.10392
31072014 1.09897
01082014 1.09390
02082014 1.09482
04082014 1.09364
05082014 1.09479
06082014 1.09862
07082014 1.10290
08082014 1.09357
09082014 1.09633
