01062012 0.97250
02062012 0.96780
04062012 0.96970
05062012 0.97120
06062012 0.97260
07062012 0.99000
08062012 0.99310
09062012 0.98860
11062012 0.99850
12062012 0.99060
13062012 0.99180
14062012 0.99760
15062012 0.99750
16062012 1.00600
18062012 1.01140
19062012 1.01170
20062012 1.01920
21062012 1.01950
22062012 1.00500
23062012 1.00620
25062012 1.00440
26062012 0.99940
27062012 1.00560
28062012 1.00670
29062012 1.00120
30062012 1.02420
02072012 1.02620
03072012 1.02390
04072012 1.02820
05072012 1.02780
06072012 1.02910
07072012 1.01880
09072012 1.01970
10072012 1.01960
11072012 1.02060
12072012 1.02580
13072012 1.01290
14072012 1.02200
16072012 1.02460
17072012 1.02360
18072012 1.02990
19072012 1.03520
20072012 1.04090
21072012 1.03660
23072012 1.03560
24072012 1.02660
25072012 1.02260
26072012 1.03190
27072012 1.03870
28072012 1.04670
30072012 1.04730
31072012 1.04870
01082012 1.05120
02082012 1.05210
03082012 1.04450
04082012 1.05510
06082012 1.05700
07082012 1.05740
08082012 1.05590
09082012 1.05620
10082012 1.05670
11082012 1.05620
13082012 1.05530
14082012 1.05030
15082012 1.04920
16082012 1.04960
17082012 1.05120
18082012 1.04230
20082012 1.04320
21082012 1.04480
22082012 1.04850
23082012 1.04370
24082012 1.04400
25082012 1.04120
27082012 1.04220
28082012 1.03800
29082012 1.03730
30082012 1.03630
31082012 1.02880
01092012 1.03230
03092012 1.02860
04092012 1.02490
05092012 1.02190
06092012 1.01860
07092012 1.02920
08092012 1.03900
10092012 1.03690
11092012 1.03470
12092012 1.04430
13092012 1.04550
14092012 1.05310
15092012 1.05610
17092012 1.05530
18092012 1.04620
19092012 1.04390
20092012 1.04760
21092012 1.04080
22092012 1.04620
24092012 1.04440
25092012 1.04020
26092012 1.04180
27092012 1.03540
28092012 1.04520
29092012 1.03880
01102012 1.03620
02102012 1.03750
03102012 1.02640
04102012 1.02050
05102012 1.02690
06102012 1.01890
08102012 1.01550
09102012 1.02080
10102012 1.01890
11102012 1.02260
12102012 1.02650
13102012 1.02220
15102012 1.02540
16102012 1.02500
17102012 1.02710
18102012 1.03680
19102012 1.03700
20102012 1.03230
22102012 1.03140
23102012 1.03060
24102012 1.02560
25102012 1.03450
26102012 1.03570
27102012 1.03580
29102012 1.03640
30102012 1.03350
31102012 1.03700
01112012 1.03750
02112012 1.03970
03112012 1.03410
05112012 1.03370
06112012 1.03620
07112012 1.04360
08112012 1.04040
09112012 1.04270
10112012 1.03910
12112012 1.03970
13112012 1.04270
14112012 1.04410
15112012 1.03880
16112012 1.03260
17112012 1.03290
19112012 1.03500
20112012 1.03990
21112012 1.03660
22112012 1.03640
23112012 1.03810
24112012 1.04580
26112012 1.04570
27112012 1.04520
28112012 1.04550
29112012 1.04720
30112012 1.04310
01122012 1.04250
03122012 1.04250
04122012 1.04200
05122012 1.04730
06122012 1.04580
07122012 1.04720
08122012 1.04780
10122012 1.04860
11122012 1.04830
12122012 1.05260
13122012 1.05700
14122012 1.05100
15122012 1.05730
17122012 1.05490
18122012 1.05410
19122012 1.05240
20122012 1.04920
21122012 1.04830
22122012 1.04110
24122012 1.03960
25122012 1.03650
26122012 1.03640
27122012 1.03610
28122012 1.03640
29122012 1.03690
31122012 1.03670
01012013 1.03910
02012013 1.03770
03012013 1.04850
04012013 1.05090
05012013 1.04680
07012013 1.04750
08012013 1.04850
09012013 1.04880
10012013 1.05070
11012013 1.05900
12012013 1.05340
14012013 1.05490
15012013 1.05560
16012013 1.05530
17012013 1.05570
18012013 1.05480
19012013 1.05070
21012013 1.05050
22012013 1.05150
23012013 1.05580
24012013 1.05460
25012013 1.04580
26012013 1.04090
28012013 1.04140
29012013 1.04040
30012013 1.04630
31012013 1.04190
01022013 1.04400
02022013 1.04130
04022013 1.04240
05022013 1.04350
06022013 1.04030
07022013 1.03020
08022013 1.02840
09022013 1.03130
11022013 1.03100
12022013 1.02890
13022013 1.03020
14022013 1.03460
15022013 1.03370
16022013 1.03050
18022013 1.02900
19022013 1.02940
20022013 1.03590
21022013 1.02660
22022013 1.02260
23022013 1.03230
25022013 1.03020
26022013 1.02650
27022013 1.02300
28022013 1.02010
01032013 1.02330
02032013 1.02040
04032013 1.01990
05032013 1.01720
06032013 1.02520
07032013 1.02330
08032013 1.02700
09032013 1.02290
11032013 1.02120
12032013 1.02710
13032013 1.03160
14032013 1.03060
15032013 1.03800
16032013 1.04040
18032013 1.03500
19032013 1.03910
20032013 1.03620
21032013 1.03810
22032013 1.04470
23032013 1.04440
25032013 1.04410
26032013 1.04520
27032013 1.04880
28032013 1.04410
29032013 1.04100
30032013 1.04110
01042013 1.04180
02042013 1.04280
03042013 1.04520
04042013 1.04620
05042013 1.04330
06042013 1.03780
08042013 1.03650
09042013 1.03950
10042013 1.04890
11042013 1.05350
12042013 1.05440
13042013 1.05030
15042013 1.05040
16042013 1.03680
17042013 1.03890
18042013 1.02960
19042013 1.02990
20042013 1.02920
22042013 1.02770
23042013 1.02520
24042013 1.02540
25042013 1.02630
26042013 1.03100
27042013 1.02830
29042013 1.02800
30042013 1.03520
01052013 1.03590
02052013 1.02880
03052013 1.02580
04052013 1.03100
06052013 1.03022
07052013 1.02460
08052013 1.01760
09052013 1.01790
10052013 1.01600
11052013 1.00140
13052013 0.99984
14052013 0.99420
15052013 0.98900
16052013 0.98730
17052013 0.98390
18052013 0.97370
20052013 0.97543
21052013 0.98070
22052013 0.98120
23052013 0.96860
24052013 0.97380
25052013 0.96390
27052013 0.96413
28052013 0.96280
29052013 0.96330
30052013 0.96290
31052013 0.96640
01062013 0.95940
03062013 0.96170
04062013 0.97850
05062013 0.96180
06062013 0.95300
07062013 0.96040
08062013 0.94810
10062013 0.94029
11062013 0.94640
12062013 0.94150
13062013 0.95010
14062013 0.95990
15062013 0.95900
17062013 0.95592
18062013 0.95370
19062013 0.94940
20062013 0.95440
21062013 0.91970
22062013 0.92190
24062013 0.92063
25062013 0.92690
26062013 0.92620
27062013 0.92680
28062013 0.92779
29062013 0.91415
01072013 0.91102
02072013 0.92295
03072013 0.91411
04072013 0.90670
05072013 0.91580
06072013 0.90540
08072013 0.90478
09072013 0.91210
10072013 0.91730
11072013 0.91420
12072013 0.91410
13072013 0.90490
15072013 0.90633
16072013 0.90860
17072013 0.92360
18072013 0.92300
19072013 0.91650
20072013 0.91860
22072013 0.91749
23072013 0.92480
24072013 0.92780
25072013 0.91470
26072013 0.92210
27072013 0.92490
29072013 0.92502
30072013 0.91890
31072013 0.90560
01082013 0.89600
02082013 0.89360
03082013 0.89140
05082013 0.89165
06082013 0.89070
07082013 0.89890
08082013 0.90000
09082013 0.91150
10082013 0.91930
12082013 0.91862
13082013 0.91500
14082013 0.90910
15082013 0.91280
16082013 0.91230
17082013 0.91730
19082013 0.91838
20082013 0.91190
21082013 0.90850
22082013 0.90340
23082013 0.90170
24082013 0.90250
26082013 0.90345
27082013 0.90200
28082013 0.89640
29082013 0.89410
30082013 0.89260
31082013 0.88990
02092013 0.89438
03092013 0.89790
04092013 0.91151
05092013 0.91691
06092013 0.91308
07092013 0.91891
09092013 0.91991
10092013 0.92361
11092013 0.93140
12092013 0.93285
13092013 0.92651
14092013 0.92484
16092013 0.93353
17092013 0.93141
18092013 0.93551
19092013 0.95018
20092013 0.94427
21092013 0.94087
23092013 0.93662
24092013 0.94438
25092013 0.93896
26092013 0.93711
27092013 0.93532
28092013 0.93149
30092013 0.93077
01102013 0.93281
02102013 0.94008
03102013 0.93854
04102013 0.94031
05102013 0.94334
07102013 0.94311
08102013 0.94295
09102013 0.94318
10102013 0.94453
11102013 0.94630
12102013 0.94683
14102013 0.94297
15102013 0.95003
16102013 0.95111
17102013 0.95494
18102013 0.96272
19102013 0.96716
21102013 0.96666
22102013 0.96566
23102013 0.97070
24102013 0.96276
25102013 0.96155
26102013 0.95855
28102013 0.95833
29102013 0.95677
30102013 0.94766
31102013 0.94716
01112013 0.94514
02112013 0.94351
04112013 0.94483
05112013 0.95068
06112013 0.94919
07112013 0.95327
08112013 0.94577
09112013 0.93741
11112013 0.93730
12112013 0.93549
13112013 0.92962
14112013 0.93227
15112013 0.93174
16112013 0.93612
18112013 0.93728
19112013 0.93758
20112013 0.94156
21112013 0.93300
22112013 0.92187
23112013 0.91652
25112013 0.91664
26112013 0.91563
27112013 0.91342
28112013 0.90765
29112013 0.91117
30112013 0.91099
02122013 0.91285
03122013 0.91001
04122013 0.91381
05122013 0.90266
06122013 0.90652
07122013 0.90993
09122013 0.91195
10122013 0.91072
11122013 0.91556
16122013 0.89309
17122013 0.89499
18122013 0.88976
19122013 0.88844
20122013 0.88564
21122013 0.89182
23122013 0.89202
24122013 0.89345
26122013 0.89183
27122013 0.88922
28122013 0.88649
30122013 0.88618
31122013 0.89128
01012014 0.89302
02012014 0.88955
03012014 0.89065
04012014 0.89740
06012014 0.89562
07012014 0.89638
08012014 0.89210
09012014 0.89075
10012014 0.88877
11012014 0.89922
13012014 0.89939
14012014 0.90575
15012014 0.89576
16012014 0.89076
17012014 0.88151
18012014 0.87690
20012014 0.87734
21012014 0.88024
22012014 0.88026
23012014 0.88464
24012014 0.87586
25012014 0.87131
27012014 0.86897
28012014 0.87513
29012014 0.87707
30012014 0.87429
31012014 0.87833
01022014 0.87468
03022014 0.87608
04022014 0.87539
05022014 0.89325
06022014 0.89081
07022014 0.89627
08022014 0.89604
10022014 0.89558
11022014 0.89435
12022014 0.90364
13022014 0.90311
14022014 0.89872
15022014 0.90355
17022014 0.90531
18022014 0.90262
19022014 0.90333
20022014 0.90045
21022014 0.89965
22022014 0.89716
24022014 0.89787
25022014 0.90387
26022014 0.90167
06032014 0.90289
07032014 0.90956
11032014 0.90361
12032014 0.89642
13032014 0.89895
14032014 0.90274
15032014 0.90255
17032014 0.90011
18032014 0.90862
19032014 0.91236
20032014 0.90391
21032014 0.90371
22032014 0.90869
24032014 0.91033
25032014 0.91295
26032014 0.91651
27032014 0.92319
28032014 0.92608
29032014 0.92495
31032014 0.92404
01042014 0.92722
02042014 0.92463
03042014 0.92412
04042014 0.92284
05042014 0.92839
07042014 0.92851
08042014 0.92665
09042014 0.93581
10042014 0.93889
11042014 0.94132
12042014 0.93945
14042014 0.93878
15042014 0.94206
16042014 0.93531
17042014 0.93752
18042014 0.93276
19042014 0.93279
21042014 0.93300
22042014 0.93269
23042014 0.93630
24042014 0.92810
25042014 0.92530
26042014 0.92650
28042014 0.92740
29042014 0.92450
30042014 0.92670
01052014 0.92810
02052014 0.92720
03052014 0.92610
05052014 0.92850
06052014 0.92740
07052014 0.93563
08052014 0.93319
09052014 0.93771
10052014 0.93581
12052014 0.93604
19052014 0.93720
20052014 0.93268
21052014 0.92533
22052014 0.92392
23052014 0.92255
24052014 0.92326
26052014 0.92347
27052014 0.92431
28052014 0.92601
29052014 0.92341
30052014 0.93005
31052014 0.93063
02062014 0.93087
03062014 0.92458
04062014 0.92604
05062014 0.92771
06062014 0.93380
07062014 0.93317
09062014 0.93366
10062014 0.93535
11062014 0.93739
12062014 0.93834
13062014 0.94233
14062014 0.94017
16062014 0.93944
17062014 0.94010
18062014 0.93354
19062014 0.93948
20062014 0.93957
21062014 0.93867
23062014 0.93752
24062014 0.94058
25062014 0.93734
26062014 0.93982
27062014 0.94115
28062014 0.94250
30062014 0.94210
01072014 0.94285
02072014 0.94950
03072014 0.94364
04072014 0.93477
05072014 0.93632
07072014 0.93619
08072014 0.93742
09072014 0.94009
10072014 0.94144
11072014 0.93979
12072014 0.93904
14072014 0.93780
15072014 0.93958
16072014 0.93707
17072014 0.93662
18072014 0.93543
19072014 0.93922
21072014 0.93919
22072014 0.93737
23072014 0.93946
24072014 0.94572
25072014 0.94200
26072014 0.93941
28072014 0.93953
29072014 0.94108
30072014 0.93819
31072014 0.93259
01082014 0.92918
02082014 0.93112
04082014 0.93087
05082014 0.93335
06082014 0.93046
07082014 0.93496
08082014 0.92796
09082014 0.92782
