04082010 83.821
05082010 84.753
06082010 84.383
07082010 83.070
09082010 83.092
10082010 83.636
11082010 82.673
12082010 81.676
13082010 82.359
14082010 82.839
16082010 82.727
17082010 81.665
18082010 82.763
19082010 83.084
20082010 82.084
21082010 81.652
23082010 81.547
24082010 80.976
25082010 79.367
26082010 79.830
27082010 79.871
28082010 80.994
30082010 81.282
31082010 79.728
01092010 78.759
02092010 80.221
03092010 79.945
04092010 81.210
06092010 80.872
07092010 81.318
08092010 80.290
09092010 80.859
10092010 81.074
11092010 81.324
13092010 81.527
14092010 81.442
15092010 80.933
16092010 83.395
17092010 83.586
18092010 83.177
20092010 82.997
21092010 83.303
22092010 82.840
23092010 82.079
24092010 81.548
25092010 82.159
27092010 82.244
28092010 81.899
29092010 81.466
30092010 80.888
01102010 81.105
02102010 81.645
04102010 81.672
05102010 81.604
06102010 81.782
07102010 82.014
08102010 80.878
09102010 81.136
11102010 81.077
12102010 80.987
13102010 80.983
14102010 81.351
15102010 80.982
16102010 80.442
18102010 80.407
19102010 80.042
20102010 79.018
21102010 79.407
22102010 79.246
23102010 79.220
25102010 79.232
26102010 79.164
27102010 79.553
28102010 79.410
29102010 79.306
30102010 78.887
01112010 78.785
02112010 79.267
03112010 79.937
04112010 80.617
05112010 80.517
08112010 81.191
09112010 80.857
10112010 81.233
11112010 82.301
12112010 82.229
15112010 81.536
16112010 82.421
17112010 81.505
18112010 81.331
19112010 81.735
22112010 82.107
23112010 81.816
24112010 81.273
25112010 82.650
26112010 82.785
29112010 82.651
30112010 82.717
01122010 81.538
02122010 82.742
03122010 83.554
04122010 82.406
06122010 82.351
07122010 82.224
08122010 82.583
09122010 83.105
10122010 82.820
11122010 83.148
13122010 83.137
14122010 82.774
15122010 83.177
16122010 83.911
17122010 83.511
20122010 82.882
21122010 82.369
22122010 82.288
23122010 82.358
24122010 82.198
27122010 82.071
28122010 82.242
29122010 82.461
30122010 81.572
31122010 81.573
03012011 81.686
04012011 82.238
05012011 82.151
06012011 83.571
07012011 83.538
08012011 83.677
10012011 83.664
11012011 83.251
12012011 84.038
13012011 84.042
14012011 83.668
17012011 83.693
18012011 83.738
19012011 83.186
20012011 82.368
21012011 83.208
22012011 82.909
24012011 83.015
25012011 82.911
26012011 82.409
27012011 82.652
28012011 83.482
11072011 83.705
12072011 82.854
13072011 82.166
14072011 82.291
15072011 82.333
16072011 82.844
18072011 82.885
19072011 82.447
20072011 83.318
21072011 83.122
22072011 82.954
23072011 82.638
25072011 82.399
26072011 82.786
27072011 82.618
28072011 82.200
29072011 81.701
30072011 80.569
01082011 80.883
02082011 80.644
03082011 80.278
04082011 79.952
05082011 80.751
06082011 80.220
08082011 79.270
09082011 78.460
10082011 78.607
11082011 77.199
12082011 77.756
13082011 77.524
15082011 77.795
16082011 78.372
17082011 78.159
18082011 78.089
19082011 77.429
20082011 77.376
22082011 77.385
23082011 77.556
24082011 77.616
25082011 78.007
26082011 78.479
27082011 78.009
29082011 78.292
30082011 78.604
31082011 78.379
01092011 78.175
02092011 78.700
03092011 78.051
05092011 77.901
06092011 77.597
07092011 78.472
08092011 78.386
09092011 78.395
10092011 77.797
12092011 86.715
13092011 77.894
14092011 77.993
15092011 77.377
16092011 77.862
17092011 78.474
19092011 78.329
20092011 77.324
21092011 76.866
22092011 76.209
23092011 74.264
24092011 74.410
26092011 74.351
27092011 74.354
28092011 75.235
29092011 74.154
30092011 74.030
01102011 73.567
03102011 73.457
04102011 73.303
05102011 72.908
06102011 73.781
07102011 73.802
08102011 74.023
10102011 73.876
11102011 74.696
12102011 74.531
13102011 76.010
14102011 75.374
15102011 76.400
17102011 76.200
18102011 75.152
19102011 75.707
20102011 75.256
21102011 75.715
22102011 75.484
24102011 75.454
25102011 75.812
26102011 74.639
27102011 75.869
28102011 76.595
29102011 76.338
31102011 76.254
01112011 78.107
02112011 76.796
03112011 76.938
04112011 77.488
05112011 76.787
07112011 76.872
08112011 77.066
09112011 77.059
10112011 76.148
11112011 76.323
14112011 76.618
15112011 75.805
16112011 75.511
17112011 75.253
18112011 74.842
22112011 74.001
23112011 74.212
24112011 73.788
25112011 73.681
26112011 73.951
28112011 74.256
29112011 75.228
30112011 75.643
01122011 76.022
02122011 76.645
03122011 76.668
05122011 76.704
06122011 76.461
07122011 77.006
08122011 76.816
09122011 76.115
10122011 76.113
12122011 76.146
13122011 75.890
14122011 75.532
15122011 75.034
16122011 75.205
17122011 74.980
19122011 74.992
20122011 75.213
21122011 75.540
22122011 75.956
23122011 76.524
24122011 76.433
26122011 76.382
27122011 76.381
28122011 76.261
29122011 76.084
30122011 76.012
31122011 75.582
02012012 75.317
03012012 75.284
04012012 75.901
05012012 75.740
06012012 75.714
07012012 75.005
09012012 74.749
10012012 75.037
11012012 75.604
12012012 75.373
13012012 75.336
14012012 75.176
16012012 75.170
17012012 75.392
18012012 75.609
19012012 75.827
20012012 76.251
21012012 75.912
23012012 75.840
24012012 76.381
25012012 76.949
26012012 77.391
27012012 77.359
28012012 76.609
30012012 76.575
31012012 76.062
01022012 75.994
02022012 76.319
03022012 76.218
04022012 77.070
06022012 76.921
07022012 76.863
08022012 77.078
09022012 77.319
10022012 78.044
11022012 77.414
13022012 77.434
14022012 77.712
15022012 78.333
16022012 78.524
17022012 79.204
18022012 79.767
20022012 80.105
21022012 80.077
22022012 79.972
23022012 80.263
24022012 80.160
25022012 80.947
27022012 80.666
28022012 80.539
29022012 80.855
01032012 82.079
02032012 82.246
03032012 82.784
05032012 82.652
06032012 81.934
07032012 80.554
08032012 81.308
09032012 82.454
10032012 83.351
12032012 83.183
13032012 82.826
14032012 83.897
15032012 84.328
16032012 84.139
17032012 84.054
19032012 84.095
20032012 84.339
21032012 84.421
22032012 84.041
23032012 82.560
24032012 82.521
26032012 82.807
27032012 83.513
28032012 83.568
29032012 82.994
30032012 82.698
31032012 82.979
02042012 83.280
03042012 82.853
04042012 83.621
05042012 82.727
06042012 82.938
07042012 81.741
09042012 81.697
10042012 81.899
11042012 80.312
12042012 80.595
13042012 81.294
14042012 81.147
16042012 80.877
17042012 80.458
18042012 81.690
19042012 81.941
20042012 81.960
21042012 82.147
23042012 82.101
24042012 81.891
25042012 82.283
26042012 82.703
27042012 82.267
28042012 81.904
30042012 81.788
01052012 80.805
02052012 81.315
03052012 81.229
04052012 81.074
05052012 80.198
07052012 80.131
08052012 80.469
09052012 79.961
10052012 79.532
11052012 79.806
12052012 79.839
14052012 79.905
15052012 79.634
16052012 79.693
17052012 79.289
18052012 77.755
19052012 77.437
21052012 77.373
22052012 77.963
23052012 78.252
24052012 77.595
25052012 77.498
26052012 77.361
28052012 77.606
29052012 77.632
30052012 77.725
31052012 76.831
01062012 75.851
02062012 75.161
04062012 75.043
05062012 75.385
06062012 75.849
07062012 77.107
08062012 77.425
09062012 77.263
11062012 77.829
12062012 77.042
13062012 77.410
14062012 77.099
15062012 77.513
16062012 76.952
18062012 77.126
19062012 77.223
20062012 77.540
21062012 77.967
22062012 78.024
23062012 78.471
25062012 78.264
26062012 77.368
27062012 77.575
28062012 77.720
29062012 76.891
30062012 78.512
02072012 78.529
03072012 78.220
04072012 78.826
05072012 78.799
06072012 78.735
07072012 78.158
09072012 77.975
10072012 78.066
11072012 77.646
12072012 78.125
13072012 77.851
14072012 78.089
16072012 78.168
17072012 77.701
18072012 78.102
19072012 77.950
20072012 77.971
21072012 77.478
23072012 77.342
24072012 77.078
25072012 76.623
26072012 77.003
27072012 77.452
28072012 78.140
30072012 78.074
31072012 78.047
01082012 77.885
02082012 78.075
03082012 77.634
04082012 78.409
06082012 78.436
07082012 78.224
08082012 78.803
09082012 78.875
10082012 79.227
11082012 78.965
13082012 78.840
14082012 78.927
15082012 79.365
16082012 79.750
17082012 80.361
18082012 80.420
20082012 80.408
21082012 80.316
22082012 80.060
23082012 79.200
24082012 78.936
25082012 79.358
27082012 79.269
28082012 79.484
29082012 79.488
30082012 79.527
31082012 79.248
01092012 79.415
03092012 79.287
04092012 79.383
05092012 79.552
06092012 79.105
07092012 80.264
08092012 80.011
10092012 80.009
11092012 80.038
12092012 79.881
13092012 79.712
14092012 80.053
15092012 80.712
17092012 80.726
18092012 80.734
19092012 80.868
20092012 80.416
21092012 80.119
22092012 80.006
24092012 79.948
25092012 79.518
26092012 79.320
27092012 78.880
28092012 79.121
29092012 79.370
01102012 79.218
02102012 79.379
03102012 79.362
04102012 79.470
05102012 79.989
06102012 80.348
08102012 80.415
09102012 80.187
10102012 79.942
11102012 79.673
12102012 80.027
13102012 80.040
15102012 79.991
16102012 80.296
17102012 79.951
18102012 80.738
19102012 80.455
20102012 79.818
22102012 79.695
23102012 80.520
24102012 80.422
25102012 80.232
26102012 80.793
27102012 79.763
29102012 79.750
30102012 79.745
31102012 79.661
01112012 79.923
02112012 80.403
03112012 80.774
05112012 80.770
06112012 80.516
07112012 81.062
08112012 80.153
09112012 79.388
10112012 79.390
12112012 79.391
13112012 79.523
14112012 79.287
15112012 79.912
16112012 81.053
17112012 81.067
19112012 81.268
20112012 81.613
21112012 81.845
22112012 82.757
23112012 82.620
24112012 83.000
26112012 82.865
27112012 82.693
28112012 82.632
29112012 82.796
30112012 82.742
01122012 82.957
03122012 82.872
04122012 82.649
05122012 82.424
06122012 83.050
07122012 83.035
08122012 83.229
10122012 83.473
11122012 83.467
12122012 83.616
13122012 84.546
14122012 84.817
15122012 84.586
17122012 85.406
18122012 85.159
19122012 85.431
20122012 85.459
21122012 85.490
22122012 84.700
24122012 84.862
25122012 85.588
26122012 85.376
27122012 86.084
28122012 86.440
29122012 86.363
31122012 86.009
01012013 87.285
02012013 87.286
03012013 88.357
04012013 88.280
05012013 89.316
07012013 89.270
08012013 89.039
09012013 88.325
10012013 88.846
11012013 89.586
12012013 90.630
14012013 90.655
15012013 90.848
16012013 90.191
17012013 89.740
18012013 91.385
19012013 90.717
21012013 90.855
22012013 90.352
23012013 89.401
24012013 88.727
25012013 89.672
26012013 90.277
28012013 90.387
29012013 90.163
30012013 90.493
31012013 91.052
02022013 92.995
04022013 93.002
05022013 92.571
06022013 93.759
07022013 93.731
08022013 93.694
09022013 92.529
11022013 92.468
12022013 92.890
13022013 93.233
14022013 93.273
15022013 92.877
16022013 92.715
18022013 93.247
19022013 92.967
20022013 92.322
21022013 92.120
22022013 91.302
23022013 91.312
25022013 92.394
26022013 90.221
27022013 89.586
28022013 90.186
01032013 89.973
02032013 90.981
04032013 91.082
05032013 90.863
06032013 90.756
07032013 91.059
08032013 92.154
09032013 93.122
11032013 93.255
12032013 93.778
13032013 93.524
14032013 93.458
15032013 93.980
16032013 93.544
18032013 92.212
19032013 93.149
20032013 92.541
21032013 93.622
22032013 92.635
23032013 92.291
25032013 92.206
26032013 92.148
27032013 92.982
28032013 92.860
29032013 92.653
30032013 92.512
01042013 92.622
02042013 91.794
03042013 92.065
04042013 91.588
05042013 95.000
06042013 96.188
08042013 96.499
09042013 97.599
10042013 97.398
11042013 98.337
12042013 98.771
13042013 97.270
15042013 96.772
16042013 94.172
17042013 95.619
18042013 95.598
19042013 95.699
20042013 96.932
22042013 97.274
23042013 96.744
24042013 96.902
25042013 96.816
26042013 96.910
27042013 96.910
29042013 96.268
30042013 96.738
01052013 96.754
02052013 96.544
03052013 97.174
04052013 98.249
06052013 98.385
07052013 98.655
08052013 98.562
09052013 98.612
10052013 99.883
11052013 100.440
13052013 100.607
14052013 100.741
15052013 100.540
16052013 100.578
17052013 100.387
18052013 100.349
20052013 99.902
21052013 99.859
22052013 99.810
23052013 99.217
24052013 98.878
25052013 97.938
27052013 97.963
28052013 97.751
29052013 98.374
30052013 97.702
31052013 97.809
01062013 96.869
03062013 96.775
04062013 96.782
05062013 96.684
06062013 95.800
07062013 94.558
08062013 95.528
10062013 95.730
11062013 96.882
12062013 94.067
13062013 93.993
14062013 93.612
15062013 92.754
17062013 92.520
18062013 92.792
19062013 93.340
20062013 93.962
21062013 93.907
22062013 93.501
24062013 93.378
25062013 93.112
26062013 93.018
27062013 93.330
28062013 93.793
29062013 94.296
01072013 94.166
02072013 94.879
03072013 95.397
04072013 95.004
05072013 94.973
06072013 95.760
08072013 95.628
09072013 95.697
10072013 95.964
11072013 95.243
12072013 95.195
13072013 95.555
15072013 95.617
16072013 95.764
17072013 95.428
18072013 95.628
19072013 96.866
20072013 96.780
22072013 96.844
23072013 96.209
24072013 96.681
25072013 97.195
26072013 96.577
27072013 95.553
29072013 95.295
03092013 94.241
04092013 94.732
05092013 94.942
06092013 95.300
07092013 95.167
09092013 95.712
10092013 95.981
11092013 96.931
12092013 96.789
13092013 96.286
14092013 95.900
16092013 95.740
17092013 96.001
18092013 96.286
19092013 95.928
20092013 96.850
21092013 96.442
23092013 96.214
24092013 96.021
25092013 95.848
26092013 95.442
27092013 95.873
28092013 95.337
30092013 94.630
01102013 95.421
02102013 94.734
03102013 94.246
04102013 94.197
05102013 94.689
07102013 94.343
08102013 93.919
09102013 93.447
10102013 93.661
11102013 94.490
12102013 95.168
14102013 94.791
15102013 95.279
16102013 94.696
17102013 95.621
18102013 95.093
19102013 95.046
21102013 95.007
22102013 95.304
23102013 95.358
24102013 93.754
25102013 93.309
26102013 93.148
28102013 93.480
29102013 93.554
30102013 93.773
31102013 94.062
01112013 94.283
02112013 94.698
04112013 94.695
05112013 94.557
06112013 94.228
07112013 94.703
08112013 93.695
09112013 94.527
11112013 94.491
12112013 94.726
13112013 94.990
14112013 94.950
15112013 95.419
16112013 95.921
18112013 96.008
19112013 95.932
20112013 95.634
21112013 95.719
22112013 96.033
23112013 96.205
25112013 96.240
26112013 96.288
27112013 95.997
28112013 96.377
29112013 96.542
30112013 96.496
02122013 96.475
03122013 96.930
04122013 96.112
05122013 95.604
06122013 95.492
07122013 96.518
09122013 96.754
10122013 97.025
11122013 96.820
16122013 97.280
17122013 97.284
18122013 96.726
19122013 97.140
20122013 97.672
21122013 97.583
23122013 97.715
24122013 98.125
26122013 98.127
27122013 98.377
28122013 98.129
30122013 98.226
31122013 98.751
01012014 99.059
02012014 98.944
03012014 98.185
04012014 98.560
06012014 98.546
07012014 97.861
08012014 97.049
09012014 96.997
10012014 96.385
11012014 95.503
13012014 95.364
14012014 94.782
15012014 95.171
16012014 95.487
17012014 95.520
18012014 95.059
20012014 95.026
21012014 95.032
22012014 94.940
23012014 94.204
24012014 92.809
25012014 92.429
27012014 91.982
28012014 92.574
29012014 92.237
30012014 91.416
31012014 91.888
01022014 91.948
03022014 91.821
04022014 90.883
05022014 91.759
06022014 91.461
07022014 92.261
08022014 92.721
10022014 92.791
11022014 92.507
12022014 93.190
13022014 93.166
14022014 93.193
15022014 92.760
17022014 92.535
18022014 92.981
19022014 93.486
20022014 92.365
21022014 92.082
22022014 92.128
24022014 92.279
25022014 92.669
26022014 92.187
06032014 93.082
07032014 93.806
11032014 92.905
12032014 92.738
13032014 92.370
14032014 91.916
15032014 91.295
17032014 91.165
18032014 92.045
19032014 91.039
20032014 91.130
21032014 91.111
22032014 91.096
24032014 91.102
25032014 91.260
26032014 91.636
27032014 91.991
28032014 92.598
29032014 92.937
31032014 92.969
01042014 93.354
02042014 93.965
03042014 94.115
04042014 94.128
05042014 94.029
07042014 94.023
08042014 93.955
09042014 93.108
10042014 93.763
11042014 92.801
12042014 92.561
14042014 92.528
15042014 92.900
16042014 92.771
17042014 92.839
18042014 92.993
19042014 92.913
21042014 92.880
22042014 93.144
06052014 93.210
07052014 93.391
08052014 93.541
09052014 93.828
10052014 93.435
12052014 93.455
19052014 93.191
20052014 93.293
21052014 92.920
22052014 92.891
23052014 93.393
24052014 93.813
26052014 93.753
27052014 93.834
28052014 93.909
29052014 93.665
30052014 93.896
31052014 93.883
02062014 93.917
03062014 93.970
04062014 93.972
05062014 93.908
06062014 93.712
07062014 93.810
09062014 93.773
10062014 93.984
11062014 93.841
12062014 93.886
13062014 93.637
14062014 93.943
16062014 93.984
17062014 93.942
18062014 94.004
19062014 93.969
20062014 94.202
21062014 94.930
23062014 94.894
24062014 95.148
25062014 94.863
26062014 95.001
27062014 95.104
28062014 95.113
30062014 95.014
01072014 94.957
02072014 95.494
03072014 95.404
04072014 96.058
05072014 95.761
07072014 95.804
08072014 95.383
09072014 95.092
10072014 95.312
11072014 95.150
12072014 94.392
14072014 94.370
15072014 94.772
16072014 94.514
17072014 94.653
18072014 94.077
19072014 94.392
21072014 94.372
22072014 94.486
23072014 94.486
24072014 94.608
25072014 94.734
26072014 94.165
28072014 94.100
29072014 94.316
30072014 94.020
31072014 94.368
01082014 94.335
02082014 93.888
04082014 93.905
05082014 94.022
06082014 93.578
07082014 93.503
08082014 93.400
09082014 93.034
