01062012 80.630
02062012 80.690
04062012 80.700
05062012 81.420
06062012 81.560
07062012 82.680
08062012 83.430
09062012 82.700
11062012 83.740
12062012 82.670
13062012 82.640
14062012 83.180
15062012 83.140
16062012 82.790
18062012 83.290
19062012 82.770
20062012 83.650
21062012 84.120
22062012 83.890
23062012 84.140
25062012 84.010
26062012 82.830
27062012 82.610
28062012 82.700
29062012 82.060
30062012 84.130
02072012 84.260
03072012 83.150
04072012 83.820
05072012 83.290
06072012 82.360
07072012 81.450
09072012 81.260
10072012 81.630
11072012 81.050
12072012 81.290
13072012 80.530
14072012 80.680
16072012 80.950
17072012 80.520
18072012 80.740
19072012 80.440
20072012 80.230
21072012 79.470
23072012 79.150
24072012 79.160
25072012 78.460
26072012 79.050
27072012 80.010
28072012 80.620
30072012 80.300
31072012 79.730
01082012 80.050
02082012 79.920
03082012 79.200
04082012 80.910
06082012 81.090
07082012 80.650
08082012 81.320
09082012 80.680
10082012 80.340
11082012 80.080
13082012 80.030
14082012 80.420
15082012 80.840
16082012 80.680
17082012 81.690
18082012 81.550
20082012 81.790
21082012 81.550
22082012 82.360
23082012 82.200
24082012 82.100
25082012 82.090
27082012 81.980
28082012 81.960
29082012 82.100
30082012 82.130
31082012 81.750
01092012 81.930
03092012 82.000
04092012 82.080
05092012 82.000
06092012 81.990
07092012 82.720
08092012 82.720
10092012 82.900
11092012 82.750
12092012 82.830
13092012 83.060
14092012 82.650
15092012 84.450
17092012 84.530
18092012 84.810
19092012 84.630
20092012 84.390
21092012 83.760
22092012 83.790
24092012 83.750
25092012 83.090
26092012 83.190
27092012 82.670
28092012 82.840
29092012 83.080
01102012 82.850
02102012 83.200
03102012 83.460
04102012 83.630
05102012 84.250
06102012 84.630
08102012 84.570
09102012 83.910
10102012 83.120
11102012 83.240
12102012 83.770
13102012 83.980
15102012 84.030
16102012 84.330
17102012 85.100
18102012 85.530
19102012 85.610
20102012 85.380
22102012 85.370
23102012 86.050
24102012 85.510
25102012 85.450
26102012 85.860
27102012 85.160
29102012 85.220
30102012 85.200
31102012 85.370
01112012 85.590
02112012 85.990
03112012 85.410
05112012 85.400
06112012 85.000
07112012 85.250
08112012 84.550
09112012 83.980
10112012 83.730
12112012 83.770
13112012 83.780
14112012 83.790
15112012 84.890
16112012 86.140
17112012 85.940
19112012 86.120
20112012 86.300
21112012 86.780
22112012 87.840
23112012 88.010
24112012 88.790
26112012 88.670
27112012 88.420
28112012 88.320
29112012 87.980
30112012 88.480
01122012 88.990
03122012 88.730
04122012 88.800
05122012 88.300
06122012 88.910
07122012 88.160
08122012 88.130
10122012 88.050
11122012 88.210
12122012 88.460
13122012 89.810
14122012 90.420
15122012 90.950
17122012 91.990
18122012 91.280
19122012 92.150
20122012 92.520
21122012 92.590
22122012 91.760
24122012 92.040
25122012 92.630
26122012 92.590
27122012 93.700
28122012 94.060
29122012 94.190
31122012 93.900
01012013 94.630
02012013 94.810
03012013 94.790
04012013 94.360
05012013 95.270
07012013 95.290
08012013 95.120
09012013 94.370
10012013 94.830
11012013 96.480
12012013 97.650
14012013 97.820
15012013 97.100
16012013 95.210
17012013 95.080
18012013 96.320
19012013 96.310
21012013 96.340
22012013 96.250
23012013 95.450
24012013 95.330
25012013 96.800
26012013 98.250
28012013 98.190
29012013 97.930
30012013 98.410
31012013 99.840
01022013 100.320
02022013 102.060
04022013 102.120
05022013 101.640
06022013 102.770
07022013 102.660
08022013 101.720
09022013 101.140
11022013 100.990
12022013 101.780
13022013 101.960
14022013 101.830
15022013 100.780
16022013 101.400
18022013 101.520
19022013 101.730
20022013 101.180
21022013 101.320
22022013 99.780
23022013 100.410
25022013 101.690
26022013 99.940
27022013 98.450
28022013 98.560
01032013 99.260
02032013 99.130
04032013 99.340
05032013 99.130
06032013 99.110
07032013 99.050
08032013 100.780
09032013 100.640
11032013 100.810
12032013 101.550
13032013 101.250
14032013 100.810
15032013 101.390
16032013 101.500
18032013 100.280
19032013 100.930
20032013 100.300
21032013 101.560
22032013 100.250
23032013 100.310
25032013 100.320
26032013 99.220
27032013 99.630
28032013 98.970
29032013 99.170
30032013 99.260
01042013 99.190
02042013 98.580
03042013 98.400
04042013 98.160
05042013 102.200
06042013 104.310
08042013 104.980
09042013 106.070
10042013 106.420
11042013 106.830
12042013 107.330
13042013 106.540
15042013 105.920
16042013 104.940
17042013 105.920
18042013 104.730
19042013 105.380
20042013 106.400
22042013 107.090
23042013 106.130
24042013 105.340
25042013 104.960
26042013 105.090
27042013 104.040
29042013 104.030
30042013 104.530
01052013 104.800
02052013 104.860
03052013 104.840
04052013 105.950
06052013 106.002
07052013 105.940
08052013 105.370
09052013 105.710
10052013 106.220
11052013 106.140
13052013 106.154
14052013 106.380
15052013 106.030
16052013 105.910
17052013 106.150
18052013 105.900
20052013 105.858
21052013 105.890
22052013 105.720
23052013 105.400
24052013 105.170
25052013 104.980
27052013 104.976
28052013 104.810
29052013 104.770
30052013 104.840
31052013 105.810
01062013 105.030
03062013 105.011
04062013 104.970
05062013 105.510
06062013 105.260
07062013 104.330
08062013 104.330
10062013 104.358
11062013 105.750
12062013 103.570
13062013 103.990
14062013 102.660
15062013 102.180
17062013 102.056
18062013 102.560
19062013 103.590
20062013 103.630
21062013 105.580
22062013 104.590
24062013 104.476
25062013 104.730
26062013 104.160
27062013 103.540
28062013 104.025
29062013 105.004
01072013 104.817
02072013 105.346
03072013 105.823
04072013 105.510
05072013 104.480
06072013 104.950
08072013 104.803
09072013 104.640
10072013 103.720
11072013 103.890
12072013 104.640
13072013 104.960
15072013 105.003
16072013 105.210
17072013 105.370
18072013 105.880
19072013 106.400
20072013 106.540
22072013 106.630
23072013 106.330
24072013 106.350
25072013 106.890
26072013 106.730
27072013 105.720
29072013 105.578
30072013 104.980
31072013 105.360
01082013 105.900
02082013 106.250
03082013 106.600
05082013 106.450
06082013 106.100
07082013 105.510
08082013 104.790
09082013 104.760
10082013 104.480
12082013 104.210
13082013 104.320
14082013 105.230
15082013 104.880
16082013 105.140
17082013 105.320
19082013 105.380
20082013 105.780
21082013 105.960
22082013 106.030
23082013 106.810
24082013 107.120
26082013 106.980
27082013 106.820
28082013 105.760
29082013 105.980
30082013 105.500
31082013 105.450
02092013 105.600
03092013 106.270
04092013 106.396
05092013 106.482
06092013 105.974
07092013 105.631
09092013 106.095
10092013 106.823
11092013 107.320
12092013 107.357
13092013 106.848
14092013 106.768
16092013 106.883
17092013 106.889
18092013 107.068
19092013 107.346
20092013 109.161
21092013 109.051
23092013 109.110
24092013 108.408
25092013 108.182
26092013 108.266
27092013 108.597
28092013 108.446
30092013 107.777
01102013 108.680
02102013 108.058
03102013 107.936
04102013 108.157
05102013 107.423
07102013 107.188
08102013 107.179
09102013 107.164
10102013 106.938
11102013 107.779
12102013 108.114
14102013 108.081
15102013 108.309
16102013 107.625
17102013 108.143
18102013 108.481
19102013 108.480
21102013 108.473
22102013 108.864
23102013 109.626
24102013 109.134
25102013 109.050
26102013 109.132
28102013 109.477
29102013 109.099
30102013 109.192
31102013 109.654
01112013 108.363
02112013 108.242
04112013 108.205
05112013 108.343
06112013 107.990
07112013 108.217
08112013 106.885
09112013 107.449
11112013 107.378
12112013 107.913
13112013 108.544
14112013 108.603
15112013 109.167
16112013 109.500
18112013 109.537
19112013 109.533
20112013 109.919
21112013 109.039
22112013 110.466
23112013 111.682
25112013 111.666
26112013 111.438
27112013 111.698
28112013 112.465
29112013 112.883
30112013 112.963
02122013 113.032
03122013 113.451
04122013 113.152
05122013 113.159
06122013 113.508
07122013 115.304
09122013 115.568
10122013 115.918
11122013 115.809
16122013 116.330
17122013 116.087
18122013 116.005
19122013 116.597
20122013 115.948
21122013 116.172
23122013 116.076
24122013 116.398
26122013 116.597
27122013 116.820
28122013 117.797
30122013 118.069
31122013 118.427
01012014 117.922
02012014 118.176
03012014 116.231
04012014 115.685
06012014 115.863
07012014 115.341
08012014 114.993
09012014 115.091
10012014 115.312
11012014 115.165
13012014 115.298
14012014 114.399
15012014 115.411
16012014 115.089
17012014 115.294
18012014 114.464
20012014 114.409
21012014 114.557
22012014 114.549
23012014 114.543
24012014 114.939
25012014 114.298
27012014 113.804
28012014 114.475
29012014 114.558
30012014 114.043
31012014 113.689
01022014 112.704
03022014 112.627
04022014 111.948
05022014 112.355
06022014 112.146
07022014 113.370
08022014 113.965
10022014 114.025
11022014 113.944
12022014 114.269
13022014 113.800
14022014 114.386
15022014 114.231
17022014 114.067
18022014 114.294
19022014 115.163
20022014 115.235
21022014 115.031
22022014 115.568
24022014 115.471
25022014 115.296
26022014 115.166
06032014 115.627
07032014 117.029
11032014 117.376
12032014 117.271
13032014 117.525
14032014 116.107
15032014 116.105
17032014 116.063
18032014 116.511
19032014 116.105
20032014 116.373
21032014 115.881
22032014 115.731
24032014 115.818
25032014 116.028
26032014 115.837
27032014 115.300
28032014 115.235
29032014 115.960
31032014 116.193
01042014 116.753
02042014 117.372
03042014 117.109
04042014 116.559
05042014 115.790
07042014 115.680
08042014 116.133
09042014 115.119
10042014 115.916
11042014 115.742
12042014 116.036
14042014 115.735
15042014 115.686
16042014 115.652
17042014 115.971
18042014 115.950
19042014 115.951
21042014 115.919
22042014 115.932
23042014 115.920
24042014 115.810
25042014 115.950
26042014 115.930
28042014 116.010
29042014 116.290
30042014 115.980
01052014 115.990
02052014 116.260
03052014 116.480
05052014 116.480
06052014 116.330
07052014 116.251
08052014 116.310
09052014 115.447
10052014 114.838
12052014 114.901
19052014 113.750
20052014 113.674
21052014 113.544
22052014 113.513
23052014 113.780
24052014 113.870
26052014 113.727
27052014 113.920
28052014 113.728
29052014 113.389
30052014 113.340
31052014 113.679
02062014 113.789
03062014 113.960
04062014 114.330
05062014 114.498
06062014 114.831
07062014 114.766
09062014 114.674
10062014 114.264
11062014 113.797
12062014 113.357
13062014 113.248
14062014 113.300
16062014 113.386
17062014 113.484
18062014 113.516
19062014 113.706
20062014 114.003
21062014 113.993
23062014 113.997
24062014 114.057
25062014 113.999
26062014 114.077
27062014 113.814
28062014 113.803
30062014 113.768
01072014 114.243
02072014 114.405
03072014 114.458
04072014 114.368
05072014 114.097
07072014 114.083
08072014 114.026
09072014 113.709
10072014 114.042
11072014 113.536
12072014 113.580
14072014 113.526
15072014 113.854
16072014 113.488
17072014 113.215
18072014 112.776
19072014 112.814
21072014 112.796
22072014 112.896
23072014 112.434
24072014 112.509
25072014 112.781
26072014 112.561
28072014 112.481
29072014 112.625
30072014 112.583
31072014 113.167
01082014 113.181
02082014 113.203
04082014 113.226
05082014 113.112
06082014 112.795
07082014 112.420
08082014 112.267
09082014 112.743
