04082010 0.72750
05082010 0.72220
06082010 0.72540
07082010 0.72600
09082010 0.72580
10082010 0.72220
11082010 0.72440
12082010 0.73150
13082010 0.73970
14082010 0.74120
16082010 0.74190
17082010 0.74590
18082010 0.74160
19082010 0.74310
20082010 0.75150
21082010 0.75440
23082010 0.75520
24082010 0.75260
25082010 0.75930
26082010 0.76060
27082010 0.76130
28082010 0.75710
30082010 0.75740
31082010 0.76270
01092010 0.77100
02092010 0.76440
03092010 0.76580
04092010 0.75930
06092010 0.76040
07092010 0.76390
08092010 0.77130
09092010 0.77010
10092010 0.76870
11092010 0.76620
13092010 0.76800
14092010 0.76710
15092010 0.76830
16092010 0.76220
17092010 0.75180
18092010 0.75690
20092010 0.75700
21092010 0.75970
22092010 0.75750
23092010 0.75810
24092010 0.76150
25092010 0.75370
27092010 0.75460
28092010 0.75500
29092010 0.75670
30092010 0.75450
01102010 0.75110
02102010 0.74940
04102010 0.75010
05102010 0.75490
06102010 0.75230
07102010 0.75280
08102010 0.74990
09102010 0.75050
11102010 0.75140
12102010 0.75290
13102010 0.75720
14102010 0.75330
15102010 0.75240
16102010 0.75230
18102010 0.75200
19102010 0.75370
20102010 0.75570
21102010 0.75170
22102010 0.75040
23102010 0.74230
25102010 0.74390
26102010 0.74620
27102010 0.73970
28102010 0.74010
29102010 0.73760
30102010 0.73660
01112010 0.73580
02112010 0.73260
03112010 0.73550
04112010 0.73710
05112010 0.74150
08112010 0.74510
09112010 0.74760
10112010 0.75270
11112010 0.74960
12112010 0.75130
15112010 0.74660
16112010 0.74830
17112010 0.74590
18112010 0.74710
19112010 0.73870
22112010 0.73890
23112010 0.74420
24112010 0.75090
25112010 0.75310
26112010 0.74910
29112010 0.75210
30112010 0.76050
01122010 0.76390
02122010 0.75750
03122010 0.76100
04122010 0.76390
06122010 0.76400
07122010 0.76390
08122010 0.76140
09122010 0.76180
10122010 0.76520
13122010 0.76630
14122010 0.76910
15122010 0.77610
16122010 0.77880
17122010 0.77990
20122010 0.77940
21122010 0.78540
22122010 0.79140
23122010 0.79730
24122010 0.79100
27122010 0.78830
28122010 0.78820
29122010 0.79660
30122010 0.79490
31122010 0.80130
03012011 0.79750
04012011 0.79910
05012011 0.78930
06012011 0.78360
07012011 0.79060
10012011 0.79370
11012011 0.79030
12012011 0.78450
13012011 0.78180
14012011 0.77370
17012011 0.77360
18012011 0.77520
19012011 0.77170
20012011 0.77410
21012011 0.76620
22012011 0.76590
24012011 0.76660
25012011 0.77170
26012011 0.77650
27012011 0.77470
28012011 0.77130
01022011 0.77950
02022011 0.77950
03022011 0.77260
04022011 0.77630
07022011 0.77250
08022011 0.77260
09022011 0.76660
10022011 0.76560
11022011 0.76430
14022011 0.76440
15022011 0.76850
16022011 0.77010
17022011 0.77130
18022011 0.77510
21022011 0.77480
22022011 0.77380
23022011 0.77950
24022011 0.77880
25022011 0.78080
28022011 0.78150
01032011 0.77930
02032011 0.78010
03032011 0.77980
04032011 0.77140
07032011 0.77390
08032011 0.77420
09032011 0.77170
10032011 0.77480
11032011 0.77800
14032011 0.77350
15032011 0.77450
16032011 0.77900
17032011 0.78770
18032011 0.78880
21032011 0.78070
22032011 0.77740
23032011 0.77910
24032011 0.78020
25032011 0.77680
28032011 0.77390
29032011 0.77490
30032011 0.77240
31032011 0.77250
01042011 0.77130
02042011 0.76560
04042011 0.76580
05042011 0.76660
06042011 0.76540
07042011 0.76490
08042011 0.76760
09042011 0.76590
11042011 0.76660
12042011 0.76850
13042011 0.77240
14042011 0.77390
15042011 0.77540
16042011 0.77700
18042011 0.77740
19042011 0.78170
20042011 0.77610
21042011 0.77620
22042011 0.77650
23042011 0.77660
25042011 0.77580
26042011 0.77830
27042011 0.77910
28042011 0.77500
29042011 0.77410
30042011 0.77960
02052011 0.77970
03052011 0.77890
04052011 0.78100
05052011 0.78090
06052011 0.78640
10052011 0.78590
11052011 0.78520
12052011 0.78870
13052011 0.78900
14052011 0.78900
16052011 0.78880
17052011 0.79150
18052011 0.79170
19052011 0.79090
20052011 0.78860
21052011 0.79530
23052011 0.79800
24052011 0.79670
25052011 0.79730
26052011 0.79990
27052011 0.80450
28052011 0.80730
30052011 0.80860
31052011 0.80740
01062011 0.80310
02062011 0.81180
03062011 0.80600
04062011 0.80540
06062011 0.80640
07062011 0.80700
08062011 0.80300
09062011 0.80710
10062011 0.80630
11062011 0.81170
13062011 0.81200
14062011 0.81240
16062011 0.81150
17062011 0.81350
18062011 0.80910
20062011 0.80910
21062011 0.81070
22062011 0.81070
23062011 0.81350
24062011 0.81760
27062011 0.81780
28062011 0.81880
29062011 0.81770
30062011 0.81330
01072011 0.80670
02072011 0.80040
04072011 0.80100
05072011 0.80070
06072011 0.80990
07072011 0.81510
08072011 0.80990
11072011 0.81980
12072011 0.84830
13072011 0.85390
14072011 0.85720
15072011 0.85890
16072011 0.86140
18072011 0.86490
19072011 0.85910
20072011 0.85070
21072011 0.85140
22072011 0.84650
23072011 0.84590
25072011 0.85290
26072011 0.85720
27072011 0.85450
28072011 0.86030
29072011 0.86290
30072011 0.87380
01082011 0.86850
02082011 0.90891
03082011 0.93219
04082011 0.92147
05082011 0.93411
06082011 0.92760
08082011 0.93228
09082011 0.94480
10082011 0.98261
11082011 0.98464
12082011 0.93524
13082011 0.91601
15082011 0.91052
16082011 0.89724
17082011 0.88872
18082011 0.89180
19082011 0.89176
20082011 0.89777
22082011 0.89878
23082011 0.89481
24082011 0.88893
25082011 0.88750
26082011 0.89221
27082011 0.87066
29082011 0.87183
30082011 0.86031
31082011 0.86002
01092011 0.87933
02092011 0.89725
03092011 0.90500
05092011 0.90603
06092011 0.91365
07092011 0.84043
08092011 0.83884
09092011 0.83172
10092011 0.83418
12092011 0.83363
13092011 0.83597
14092011 0.83764
15092011 0.83833
16092011 0.83921
17092011 0.83603
19092011 0.83649
20092011 0.83665
21092011 0.83009
22092011 0.82632
23092011 0.82509
24092011 0.82584
26092011 0.82454
27092011 0.82572
28092011 0.82681
29092011 0.82634
30092011 0.82661
01102011 0.82674
03102011 0.82596
04102011 0.82511
05102011 0.81873
06102011 0.81494
07102011 0.81399
08102011 0.80946
10102011 0.80928
11102011 0.81817
12102011 0.81545
13102011 0.81888
14102011 0.81716
15102011 0.81708
17102011 0.81771
18102011 0.81764
19102011 0.81761
20102011 0.81333
21102011 0.82006
22102011 0.82596
24102011 0.82451
25102011 0.82409
26102011 0.82716
27102011 0.82523
28102011 0.83202
29102011 0.83148
31102011 0.83080
01112011 0.82975
02112011 0.82811
03112011 0.82908
04112011 0.83077
07112011 0.82594
08112011 0.81138
09112011 0.81384
10112011 0.81463
11112011 0.81484
12112011 0.81168
14112011 0.81168
15112011 0.81316
16112011 0.81095
17112011 0.81097
18112011 0.81034
19112011 0.80950
21112011 0.80948
22112011 0.80957
23112011 0.81440
24112011 0.81773
25112011 0.81828
26112011 0.81262
28112011 0.81201
29112011 0.81641
30112011 0.81702
01122011 0.81808
02122011 0.81412
03122011 0.81348
05122011 0.81276
06122011 0.81357
07122011 0.80881
08122011 0.80981
09122011 0.81056
10122011 0.81132
12122011 0.80965
13122011 0.80891
14122011 0.80860
15122011 0.80497
16122011 0.81395
17122011 0.81623
19122011 0.81571
20122011 0.81727
21122011 0.81760
22122011 0.81457
23122011 0.81434
24122011 0.81463
26122011 0.81424
27122011 0.81459
28122011 0.81539
29122011 0.81596
30122011 0.81729
31122011 0.81831
02012012 0.81776
03012012 0.81772
04012012 0.81786
05012012 0.81462
06012012 0.81298
07012012 0.81492
09012012 0.81497
10012012 0.81685
11012012 0.81703
12012012 0.81725
13012012 0.82100
14012012 0.81965
16012012 0.81990
17012012 0.81898
18012012 0.81986
19012012 0.82220
20012012 0.82334
21012012 0.82205
23012012 0.82164
24012012 0.82423
25012012 0.82300
26012012 0.82472
27012012 0.82575
28012012 0.82754
30012012 0.82763
31012012 0.82661
01022012 0.82612
02022012 0.82620
03022012 0.82619
04022012 0.82454
06022012 0.82397
07022012 0.82472
08022012 0.82441
09022012 0.82472
10022012 0.82440
11022012 0.82490
13022012 0.82469
14022012 0.82476
15022012 0.82525
16022012 0.82447
17022012 0.82456
18022012 0.82358
20022012 0.82362
21022012 0.82604
22022012 0.82640
23022012 0.82869
24022012 0.83024
25022012 0.83174
27022012 0.83131
28022012 0.83065
29022012 0.83126
01032012 0.82851
02032012 0.82717
03032012 0.82590
05032012 0.82581
06032012 0.82650
07032012 0.82655
08032012 0.82670
09032012 0.82797
10032012 0.82621
12032012 0.82629
13032012 0.82750
14032012 0.82429
15032012 0.82018
16032012 0.82448
17032012 0.82526
19032012 0.82532
20032012 0.82602
21032012 0.82658
22032012 0.82639
23032012 0.82653
24032012 0.82787
26032012 0.82792
27032012 0.82778
28032012 0.82781
29032012 0.82842
30032012 0.82729
31032012 0.82872
02042012 0.82858
03042012 0.82810
04042012 0.82745
05042012 0.82620
06042012 0.82661
07042012 0.82742
09042012 0.82712
10042012 0.82650
11042012 0.82664
12042012 0.82610
13042012 0.82781
14042012 0.82587
16042012 0.82586
17042012 0.82726
18042012 0.82694
19042012 0.82557
20042012 0.82537
21042012 0.82675
23042012 0.82674
24042012 0.82514
25042012 0.82601
26042012 0.82627
27042012 0.82623
28042012 0.82609
30042012 0.82582
01052012 0.82608
02052012 0.82603
03052012 0.82470
04052012 0.82496
05052012 0.82421
07052012 0.82287
08052012 0.82305
09052012 0.82268
10052012 0.82157
11052012 0.82136
12052012 0.82173
14052012 0.82136
15052012 0.81986
16052012 0.81876
17052012 0.81924
18052012 0.82020
19052012 0.82136
21052012 0.82140
22052012 0.82184
23052012 0.82019
24052012 0.81905
25052012 0.81801
26052012 0.81776
28052012 0.81777
29052012 0.81744
30052012 0.81765
31052012 0.81678
01062012 0.81729
02062012 0.81908
04062012 0.81901
05062012 0.82028
06062012 0.81947
07062012 0.82083
08062012 0.82017
09062012 0.81956
11062012 0.82149
12062012 0.81899
13062012 0.81848
14062012 0.82045
15062012 0.82088
16062012 0.82027
18062012 0.81964
19062012 0.81901
20062012 0.82060
21062012 0.82073
22062012 0.81926
23062012 0.81970
25062012 0.81946
26062012 0.81866
27062012 0.81761
28062012 0.81782
29062012 0.81793
30062012 0.82059
02072012 0.82031
03072012 0.81860
04072012 0.81935
05072012 0.81879
06072012 0.81659
07072012 0.81488
09072012 0.81433
10072012 0.81515
11072012 0.81397
12072012 0.81403
13072012 0.81395
14072012 0.81314
16072012 0.81361
17072012 0.81328
18072012 0.81303
19072012 0.81314
20072012 0.81240
21072012 0.81098
23072012 0.81007
24072012 0.81151
25072012 0.81014
26072012 0.81213
27072012 0.81293
28072012 0.81281
30072012 0.81265
31072012 0.81200
01082012 0.81324
02082012 0.81271
03082012 0.81239
04082012 0.81478
06082012 0.81559
07082012 0.81571
08082012 0.81555
09082012 0.81461
10082012 0.81364
11082012 0.81324
13082012 0.81317
14082012 0.81394
15082012 0.81372
16082012 0.81294
17082012 0.81382
18082012 0.81379
20082012 0.81399
21082012 0.81389
22082012 0.81564
23082012 0.81581
24082012 0.81680
25082012 0.81644
27082012 0.81618
28082012 0.81612
29082012 0.81731
30082012 0.81647
31082012 0.81644
01092012 0.81706
03092012 0.81686
04092012 0.81719
05092012 0.81658
06092012 0.81496
07092012 0.81482
08092012 0.81403
10092012 0.81492
11092012 0.81524
12092012 0.81619
13092012 0.81561
14092012 0.81340
15092012 0.81386
17092012 0.81404
18092012 0.81336
19092012 0.81534
20092012 0.81612
21092012 0.81533
22092012 0.81444
24092012 0.81459
25092012 0.81430
26092012 0.81414
27092012 0.81434
28092012 0.81370
29092012 0.81460
01102012 0.81446
02102012 0.81508
03102012 0.81521
04102012 0.81452
05102012 0.81548
06102012 0.81638
08102012 0.81622
09102012 0.81687
10102012 0.81438
11102012 0.81563
12102012 0.81717
13102012 0.81687
15102012 0.81680
16102012 0.81729
17102012 0.81849
18102012 0.81872
19102012 0.81998
20102012 0.81883
22102012 0.81902
23102012 0.81867
24102012 0.81752
25102012 0.81717
26102012 0.81578
27102012 0.81598
29102012 0.81613
30102012 0.81676
31102012 0.81735
01112012 0.81777
02112012 0.81823
03112012 0.81646
05112012 0.81632
06112012 0.81622
07112012 0.81537
08112012 0.81601
09112012 0.81611
10112012 0.81600
12112012 0.81622
13112012 0.81683
14112012 0.81765
15112012 0.81867
16112012 0.81928
17112012 0.81742
19112012 0.81755
20112012 0.81901
21112012 0.81868
22112012 0.81905
23112012 0.81988
24112012 0.82111
26112012 0.82118
27112012 0.82124
28112012 0.82064
29112012 0.82125
30112012 0.82122
01122012 0.82091
03122012 0.82107
04122012 0.81904
05122012 0.81682
06122012 0.81752
07122012 0.81708
08122012 0.81744
10122012 0.81691
11122012 0.81735
12122012 0.81505
13122012 0.81729
14122012 0.81980
15122012 0.82092
17122012 0.82074
18122012 0.82042
19122012 0.82131
20122012 0.82146
21122012 0.82163
22122012 0.82120
24122012 0.82155
25122012 0.82221
26122012 0.82193
27122012 0.82258
28122012 0.82189
29122012 0.82244
31122012 0.82228
01012013 0.82101
02012013 0.82081
03012013 0.81873
04012013 0.81839
05012013 0.81934
07012013 0.81931
08012013 0.82010
09012013 0.81978
10012013 0.81968
11012013 0.82003
12012013 0.81797
14012013 0.81726
15012013 0.80873
16012013 0.80366
17012013 0.80467
18012013 0.79980
19012013 0.80204
21012013 0.80279
22012013 0.80492
23012013 0.80732
24012013 0.80698
25012013 0.80649
26012013 0.80412
28012013 0.80434
29012013 0.80568
30012013 0.80746
31012013 0.81329
02022013 0.81360
04022013 0.81400
05022013 0.81822
06022013 0.81666
07022013 0.81788
08022013 0.81498
09022013 0.81643
11022013 0.81630
12022013 0.81538
13022013 0.81417
14022013 0.81509
15022013 0.81541
16022013 0.81522
18022013 0.81498
19022013 0.81473
20022013 0.81398
21022013 0.81588
22022013 0.81728
23022013 0.81820
25022013 0.81921
26022013 0.82127
27022013 0.82342
28022013 0.82091
01032013 0.81833
02032013 0.81596
04032013 0.81649
05032013 0.81709
06032013 0.81561
07032013 0.81379
08032013 0.81315
09032013 0.81099
11032013 0.81100
12032013 0.81261
13032013 0.81365
14032013 0.81194
15032013 0.81316
16032013 0.81713
18032013 0.81688
19032013 0.81670
20032013 0.81750
21032013 0.81791
22032013 0.81679
23032013 0.81776
25032013 0.81763
26032013 0.81726
27032013 0.81752
28032013 0.81664
29032013 0.81810
30032013 0.81824
01042013 0.81787
02042013 0.81856
03042013 0.81912
04042013 0.82101
05042013 0.82075
06042013 0.82208
08042013 0.82164
09042013 0.82115
10042013 0.81967
11042013 0.82011
12042013 0.81957
13042013 0.82204
15042013 0.82294
16042013 0.82308
17042013 0.82419
18042013 0.82238
19042013 0.82156
20042013 0.82093
22042013 0.82135
23042013 0.81941
24042013 0.81324
25042013 0.81220
26042013 0.81092
27042013 0.81092
29042013 0.81176
30042013 0.81311
01052013 0.81623
02052013 0.81760
03052013 0.81622
04052013 0.81293
06052013 0.81356
07052013 0.81262
08052013 0.81164
09052013 0.81191
10052013 0.80693
11052013 0.80213
13052013 0.80152
14052013 0.80314
15052013 0.79891
16052013 0.80088
17052013 0.80199
18052013 0.79807
20052013 0.79787
21052013 0.79970
22052013 0.79730
23052013 0.79438
24052013 0.79779
25052013 0.80361
27052013 0.80356
28052013 0.80224
29052013 0.79553
30052013 0.80295
31052013 0.80452
01062013 0.80431
03062013 0.80526
04062013 0.80752
05062013 0.80737
06062013 0.81016
07062013 0.81212
08062013 0.80843
10062013 0.80850
11062013 0.80902
12062013 0.81328
13062013 0.81558
14062013 0.81328
15062013 0.81441
17062013 0.81474
18062013 0.81209
19062013 0.81429
20062013 0.81210
21062013 0.81655
22062013 0.81520
24062013 0.81527
25062013 0.81623
26062013 0.81382
27062013 0.81401
28062013 0.81165
29062013 0.81334
01072013 0.81331
02072013 0.81056
03072013 0.81018
04072013 0.81072
05072013 0.80878
06072013 0.80885
08072013 0.80826
09072013 0.80623
10072013 0.80311
11072013 0.80399
12072013 0.80854
13072013 0.81102
15072013 0.81060
16072013 0.80935
17072013 0.81225
18072013 0.81186
19072013 0.80884
20072013 0.81059
22072013 0.81028
23072013 0.81164
24072013 0.81108
25072013 0.81041
26072013 0.81317
27072013 0.81430
29072013 0.81428
01082013 0.81384
02082013 0.81309
03082013 0.81384
05082013 0.81386
06082013 0.81401
07082013 0.81419
08082013 0.81460
09082013 0.81480
10082013 0.81459
12082013 0.81455
13082013 0.81423
14082013 0.81349
15082013 0.81330
16082013 0.81422
17082013 0.81417
19082013 0.81413
20082013 0.81440
21082013 0.81508
22082013 0.81456
23082013 0.81443
24082013 0.81469
26082013 0.81465
27082013 0.81456
28082013 0.81501
29082013 0.81459
30082013 0.81369
31082013 0.81374
02092013 0.81380
03092013 0.81335
04092013 0.81037
05092013 0.80848
06092013 0.80490
07092013 0.80803
09092013 0.80776
10092013 0.80874
11092013 0.80580
12092013 0.80698
13092013 0.80729
14092013 0.80750
16092013 0.80908
17092013 0.80756
18092013 0.80793
19092013 0.81064
20092013 0.81312
21092013 0.81325
23092013 0.81366
24092013 0.81403
25092013 0.81378
26092013 0.81383
27092013 0.81498
28092013 0.81660
30092013 0.81652
01102013 0.81714
02102013 0.81592
03102013 0.81629
04102013 0.81797
05102013 0.81530
07102013 0.81515
08102013 0.81670
09102013 0.81657
10102013 0.81439
11102013 0.81316
12102013 0.81214
14102013 0.81325
15102013 0.81255
16102013 0.81158
17102013 0.81121
18102013 0.81308
19102013 0.81310
21102013 0.81310
22102013 0.81343
23102013 0.81482
24102013 0.81825
25102013 0.81685
26102013 0.81665
28102013 0.81674
29102013 0.81493
30102013 0.81451
31102013 0.81477
01112013 0.81398
02112013 0.81420
04112013 0.81436
05112013 0.81518
06112013 0.81320
07112013 0.81180
08112013 0.81206
09112013 0.80993
11112013 0.81040
12112013 0.81075
13112013 0.81197
14112013 0.81204
15112013 0.81072
16112013 0.80986
18112013 0.80979
19112013 0.81106
20112013 0.81138
21112013 0.81044
22112013 0.81062
23112013 0.81348
25112013 0.81338
26112013 0.81118
27112013 0.81324
28112013 0.81109
29112013 0.81131
30112013 0.81108
02122013 0.81126
03122013 0.81133
04122013 0.81230
05122013 0.81437
06122013 0.81725
07122013 0.81951
09122013 0.81952
10122013 0.81877
11122013 0.82065
16122013 0.82235
17122013 0.82201
18122013 0.82422
19122013 0.82040
20122013 0.81553
21122013 0.81769
23122013 0.81724
24122013 0.81803
26122013 0.81690
27122013 0.81541
28122013 0.81675
30122013 0.81716
31122013 0.81810
01012014 0.81488
02012014 0.81513
03012014 0.81298
04012014 0.81169
06012014 0.81189
07012014 0.81097
08012014 0.80758
09012014 0.80682
10012014 0.80820
11012014 0.80993
13012014 0.81007
14012014 0.81387
15012014 0.81019
16012014 0.80837
17012014 0.81154
18012014 0.80858
20012014 0.80906
21012014 0.80897
22012014 0.80783
23012014 0.80629
24012014 0.81220
25012014 0.81635
27012014 0.81698
28012014 0.81411
29012014 0.81365
30012014 0.81681
31012014 0.81432
01022014 0.81370
03022014 0.81465
04022014 0.81909
05022014 0.81637
06022014 0.81660
07022014 0.81672
08022014 0.81692
10022014 0.81645
11022014 0.81713
12022014 0.81573
13022014 0.81403
14022014 0.81579
15022014 0.81621
17022014 0.81567
18022014 0.81637
19022014 0.81742
20022014 0.81816
21022014 0.81840
22022014 0.81959
24022014 0.81939
25022014 0.81800
26022014 0.81931
06032014 0.81833
07032014 0.82006
11032014 0.82211
12032014 0.82354
13032014 0.82546
14032014 0.82626
15032014 0.82660
17032014 0.82652
18032014 0.82530
19032014 0.82527
20032014 0.82288
21032014 0.82251
22032014 0.82318
24032014 0.82307
25032014 0.82310
26032014 0.82132
27032014 0.82055
28032014 0.82052
29032014 0.81963
31032014 0.81954
01042014 0.82082
02042014 0.82109
03042014 0.81920
04042014 0.81732
05042014 0.81759
07042014 0.81707
08042014 0.81953
09042014 0.81984
10042014 0.82072
11042014 0.82247
12042014 0.82352
14042014 0.82338
15042014 0.82246
16042014 0.82222
17042014 0.81974
18042014 0.81880
19042014 0.81876
21042014 0.81864
22042014 0.81801
06052014 0.82008
07052014 0.82089
08052014 0.81990
09052014 0.81935
10052014 0.81764
12052014 0.81780
19052014 0.81512
20052014 0.81484
21052014 0.81503
22052014 0.81379
23052014 0.81453
24052014 0.81480
26052014 0.81465
27052014 0.81480
28052014 0.81365
29052014 0.81491
30052014 0.81489
31052014 0.81543
02062014 0.81549
03062014 0.81402
04062014 0.81478
05062014 0.81541
06062014 0.81721
07062014 0.81633
09062014 0.81629
10062014 0.81514
11062014 0.81558
12062014 0.81529
13062014 0.81549
14062014 0.81296
16062014 0.81310
17062014 0.81408
18062014 0.81337
19062014 0.81415
20062014 0.81500
21062014 0.81444
23062014 0.81471
24062014 0.81502
25062014 0.81573
26062014 0.81578
27062014 0.81546
28062014 0.81615
30062014 0.81631
01072014 0.81752
02072014 0.81710
03072014 0.81640
04072014 0.81451
05072014 0.81417
07072014 0.81431
08072014 0.81501
09072014 0.81503
10072014 0.81539
11072014 0.81572
12072014 0.81613
14072014 0.81627
15072014 0.81616
16072014 0.81405
17072014 0.81364
18072014 0.81468
19072014 0.81418
21072014 0.81410
22072014 0.81462
23072014 0.81321
24072014 0.81369
25072014 0.81386
26072014 0.81333
28072014 0.81332
29072014 0.81347
30072014 0.81260
31072014 0.81179
01082014 0.81226
02082014 0.81384
04082014 0.81387
05082014 0.81306
06082014 0.81245
07082014 0.81405
08082014 0.81391
09082014 0.81542
