04082010 1.44932
05082010 1.43527
06082010 1.43897
09082010 1.44597
10082010 1.44282
11082010 1.44432
12082010 1.43377
13082010 1.43182
16082010 1.42967
17082010 1.42757
18082010 1.42272
19082010 1.43062
20082010 1.43612
23082010 1.43257
24082010 1.41967
25082010 1.43262
26082010 1.43122
27082010 1.43432
30082010 1.41427
31082010 1.42002
01092010 1.42352
02092010 1.40547
03092010 1.40752
06092010 1.40777
07092010 1.40297
08092010 1.39237
09092010 1.38537
10092010 1.37507
13092010 1.36712
14092010 1.37607
15092010 1.38352
16092010 1.38662
17092010 1.39572
20092010 1.39237
21092010 1.37870
22092010 1.38867
23092010 1.40032
24092010 1.40277
28092010 1.39936
29092010 1.40367
30092010 1.40506
01102010 1.40937
04102010 1.41892
05102010 1.41347
06102010 1.42347
07102010 1.42628
08102010 1.41825
09102010 1.41276
11102010 1.41676
12102010 1.40970
13102010 1.41138
14102010 1.40953
15102010 1.41574
16102010 1.41266
18102010 1.40890
19102010 1.40770
20102010 1.41802
21102010 1.41409
22102010 1.42321
23102010 1.41924
25102010 1.41527
26102010 1.41082
27102010 1.40727
28102010 1.41691
29102010 1.42330
30102010 1.42057
01112010 1.41668
02112010 1.40709
03112010 1.40365
04112010 1.40497
05112010 1.39909
08112010 1.38340
09112010 1.37340
10112010 1.37297
11112010 1.36916
12112010 1.36784
15112010 1.38602
16112010 1.37879
17112010 1.38079
18112010 1.38167
19112010 1.37888
20112010 1.38808
22112010 1.38841
23112010 1.37768
24112010 1.37492
25112010 1.35796
26112010 1.36094
29112010 1.37134
30112010 1.36250
01122010 1.35385
02122010 1.35620
03122010 1.35514
06122010 1.35136
07122010 1.34482
08122010 1.34869
09122010 1.35374
10122010 1.34548
13122010 1.34073
14122010 1.34587
15122010 1.33989
16122010 1.34074
17122010 1.33821
20122010 1.33329
21122010 1.32070
22122010 1.31425
23122010 1.30901
24122010 1.30609
25122010 1.30458
27122010 1.31015
28122010 1.31059
29122010 1.29962
30122010 1.29883
31122010 1.30673
03012011 1.30755
04012011 1.31312
05012011 1.32247
06012011 1.31565
07012011 1.30908
10012011 1.29491
11012011 1.30022
12012011 1.31397
13012011 1.31902
14012011 1.33964
15012011 1.35101
17012011 1.34955
18012011 1.33669
19012011 1.34098
20012011 1.34639
21012011 1.36368
22012011 1.37495
24012011 1.38001
25012011 1.36620
26012011 1.37245
27012011 1.37184
28012011 1.38216
29012011 1.37007
02022011 1.36724
03022011 1.36883
04022011 1.34163
07022011 1.33716
08022011 1.33991
09022011 1.34299
10022011 1.35688
11022011 1.35300
14022011 1.35229
15022011 1.34361
16022011 1.35447
17022011 1.35141
18022011 1.34480
21022011 1.35073
22022011 1.35465
23022011 1.36769
24022011 1.37185
25022011 1.36660
28022011 1.35451
01032011 1.35490
02032011 1.35889
03032011 1.36376
04032011 1.37387
07032011 1.37764
08032011 1.38121
09032011 1.37608
10032011 1.37601
11032011 1.37942
14032011 1.37587
15032011 1.38527
16032011 1.41222
17032011 1.41207
18032011 1.42983
21032011 1.42376
22032011 1.41298
23032011 1.40433
24032011 1.38972
25032011 1.38798
28032011 1.36912
29032011 1.37378
30032011 1.36987
31032011 1.36720
01042011 1.36978
02042011 1.36960
04042011 1.36786
05042011 1.37143
06042011 1.37657
07042011 1.37190
08042011 1.36735
09042011 1.37166
11042011 1.36855
12042011 1.37517
13042011 1.38449
14042011 1.37427
15042011 1.37291
16042011 1.36548
18042011 1.36394
19042011 1.35344
20042011 1.36200
21042011 1.35802
22042011 1.35409
23042011 1.35327
25042011 1.35506
26042011 1.35970
27042011 1.35756
28042011 1.36019
29042011 1.35580
30042011 1.35099
02052011 1.35053
03052011 1.35524
04052011 1.36501
05052011 1.38070
06052011 1.37503
10052011 1.35830
11052011 1.32860
12052011 1.32716
13052011 1.33481
14052011 1.33446
16052011 1.33144
17052011 1.33861
18052011 1.33888
19052011 1.33997
20052011 1.34057
21052011 1.32587
23052011 1.32704
24052011 1.33666
25052011 1.33588
26052011 1.33896
27052011 1.32876
28052011 1.33584
30052011 1.33477
31052011 1.33629
01062011 1.34734
02062011 1.35075
03062011 1.35686
04062011 1.36455
06062011 1.36336
07062011 1.36103
08062011 1.37070
09062011 1.37207
10062011 1.36500
11062011 1.35809
13062011 1.35950
14062011 1.35922
16062011 1.35595
17062011 1.34533
18062011 1.34716
20062011 1.34598
21062011 1.35254
22062011 1.35823
23062011 1.35732
24062011 1.35400
27062011 1.35359
28062011 1.36774
29062011 1.36246
30062011 1.35127
01072011 1.35169
02072011 1.34708
04072011 1.35467
05072011 1.35319
06072011 1.34893
07072011 1.33860
08072011 1.33224
11072011 1.32566
12072011 1.31680
13072011 1.31883
14072011 1.31628
15072011 1.31986
16072011 1.32841
18072011 1.32627
19072011 1.33107
20072011 1.31873
21072011 1.32437
22072011 1.32714
23072011 1.32411
25072011 1.32874
26072011 1.32490
27072011 1.32403
28072011 1.30429
29072011 1.30245
30072011 1.30763
01082011 1.30457
02082011 1.29997
03082011 1.31556
04082011 1.33176
05082011 1.34781
06082011 1.36479
08082011 1.38337
09082011 1.38975
10082011 1.38230
11082011 1.39103
12082011 1.37666
13082011 1.37633
15082011 1.37617
16082011 1.37465
17082011 1.37584
18082011 1.36757
19082011 1.37871
20082011 1.38339
22082011 1.38443
23082011 1.37898
24082011 1.37277
25082011 1.37657
26082011 1.37833
27082011 1.37022
29082011 1.36914
30082011 1.36181
31082011 1.34991
01092011 1.34371
02092011 1.32867
03092011 1.33216
05092011 1.33480
06092011 1.33604
07092011 1.33197
08092011 1.32396
09092011 1.31264
10092011 1.30651
12092011 1.30214
13092011 1.32120
14092011 1.32570
15092011 1.33935
16092011 1.34535
17092011 1.33005
19092011 1.32905
20092011 1.33871
21092011 1.33373
22092011 1.35160
23092011 1.38010
24092011 1.38428
26092011 1.37758
27092011 1.37705
28092011 1.37139
29092011 1.38384
30092011 1.38969
01102011 1.38513
03102011 1.38154
04102011 1.38489
05102011 1.39662
06102011 1.38230
07102011 1.37876
08102011 1.36880
10102011 1.37224
11102011 1.36702
12102011 1.36849
13102011 1.35733
14102011 1.35134
15102011 1.34164
17102011 1.34267
18102011 1.34931
19102011 1.33934
20102011 1.34512
21102011 1.34560
22102011 1.34269
24102011 1.33963
25102011 1.32934
26102011 1.33330
27102011 1.33643
28102011 1.32395
29102011 1.32152
31102011 1.32077
01112011 1.31568
02112011 1.32604
03112011 1.32865
04112011 1.32698
07112011 1.32767
08112011 1.32875
09112011 1.33035
10112011 1.33485
11112011 1.34113
12112011 1.33676
14112011 1.33462
15112011 1.33609
16112011 1.32938
17112011 1.33575
18112011 1.34850
22112011 1.37209
23112011 1.37259
24112011 1.37621
25112011 1.37148
26112011 1.36394
28112011 1.35715
29112011 1.34548
30112011 1.32959
01122011 1.30926
02122011 1.31443
03122011 1.31078
05122011 1.30842
06122011 1.30337
07122011 1.30695
08122011 1.30305
09122011 1.31091
10122011 1.30875
12122011 1.31011
13122011 1.30995
14122011 1.30037
15122011 1.31153
16122011 1.31208
17122011 1.30759
19122011 1.30542
20122011 1.31238
21122011 1.29934
22122011 1.29435
23122011 1.28749
24122011 1.28527
26122011 1.28268
27122011 1.28480
28122011 1.28655
29122011 1.28181
30122011 1.27699
31122011 1.26574
02012012 1.26487
03012012 1.26440
04012012 1.25759
05012012 1.24815
06012012 1.24548
07012012 1.24296
09012012 1.24427
10012012 1.24671
11012012 1.23863
12012012 1.23197
13012012 1.24133
14012012 1.23052
16012012 1.22687
17012012 1.22862
18012012 1.22648
19012012 1.23234
20012012 1.24352
21012012 1.23354
23012012 1.22871
24012012 1.23571
25012012 1.24219
26012012 1.23533
27012012 1.23366
28012012 1.23979
30012012 1.24277
31012012 1.23849
01022012 1.23242
02022012 1.22975
03022012 1.22723
04022012 1.21952
06022012 1.22043
07022012 1.22310
08022012 1.22756
09022012 1.22749
10022012 1.23154
11022012 1.23516
13022012 1.23521
14022012 1.22850
15022012 1.23083
16022012 1.22236
17022012 1.22135
18022012 1.22736
20022012 1.22320
21022012 1.23189
22022012 1.24121
23022012 1.24442
24022012 1.24801
25022012 1.25772
27022012 1.25977
28022012 1.24499
29022012 1.25127
01032012 1.23921
02032012 1.23356
03032012 1.22957
05032012 1.22822
06032012 1.23943
07032012 1.24502
08032012 1.24320
09032012 1.24532
10032012 1.23963
12032012 1.24092
13032012 1.25165
14032012 1.24124
15032012 1.24628
16032012 1.24233
17032012 1.24410
19032012 1.24348
20032012 1.24780
21032012 1.26165
22032012 1.26352
23032012 1.27008
24032012 1.26653
26032012 1.26370
27032012 1.26830
28032012 1.27272
29032012 1.28115
30032012 1.28083
31032012 1.28743
02042012 1.28207
03042012 1.27841
04042012 1.28083
05042012 1.28091
06042012 1.26790
07042012 1.27001
09042012 1.27208
10042012 1.27050
11042012 1.27560
12042012 1.27248
13042012 1.26405
14042012 1.26088
16042012 1.25938
17042012 1.26844
18042012 1.26253
19042012 1.26723
20042012 1.27079
21042012 1.27396
23042012 1.27104
24042012 1.27497
25042012 1.28121
26042012 1.27662
27042012 1.27375
28042012 1.26552
30042012 1.26565
01052012 1.27049
02052012 1.28133
03052012 1.27314
04052012 1.28177
05052012 1.28515
07052012 1.28128
08052012 1.27979
09052012 1.28669
10052012 1.28708
11052012 1.28293
12052012 1.28808
14052012 1.28820
15052012 1.28786
16052012 1.28186
17052012 1.28295
18052012 1.28231
19052012 1.30155
21052012 1.29715
22052012 1.29245
23052012 1.29167
24052012 1.28949
25052012 1.28413
26052012 1.28202
28052012 1.28040
29052012 1.27349
30052012 1.26985
31052012 1.27290
01062012 1.26901
02062012 1.28202
04062012 1.28002
05062012 1.28434
06062012 1.27825
07062012 1.26672
08062012 1.26892
09062012 1.26013
11062012 1.26512
12062012 1.26508
13062012 1.25696
14062012 1.26402
15062012 1.26201
16062012 1.25468
18062012 1.25459
19062012 1.24306
20062012 1.24464
21062012 1.24667
22062012 1.25086
23062012 1.24786
25062012 1.24859
26062012 1.24942
27062012 1.24148
28062012 1.23711
29062012 1.23893
30062012 1.23653
02072012 1.23482
03072012 1.22698
04072012 1.22616
05072012 1.21966
06072012 1.20399
07072012 1.20180
09072012 1.20224
10072012 1.20690
11072012 1.20266
12072012 1.19504
13072012 1.20328
14072012 1.19738
16072012 1.19683
17072012 1.19757
18072012 1.19141
19072012 1.18492
20072012 1.17751
21072012 1.17143
23072012 1.16975
24072012 1.18064
25072012 1.17736
26072012 1.17865
27072012 1.18160
28072012 1.17428
30072012 1.17381
31072012 1.16717
01082012 1.17058
02082012 1.16912
03082012 1.16470
04082012 1.17250
06082012 1.17246
07082012 1.17233
08082012 1.17522
09082012 1.16908
10082012 1.16238
11082012 1.16245
13082012 1.16420
14082012 1.17361
15082012 1.17466
16082012 1.16951
17082012 1.17479
18082012 1.18337
20082012 1.18370
21082012 1.18148
22082012 1.18960
23082012 1.19229
24082012 1.20337
25082012 1.20227
27082012 1.19993
28082012 1.20521
29082012 1.21075
30082012 1.20981
31082012 1.21479
01092012 1.21748
03092012 1.22179
04092012 1.22842
05092012 1.22896
06092012 1.23629
07092012 1.22877
08092012 1.23133
10092012 1.23472
11092012 1.23422
12092012 1.23174
13092012 1.23274
14092012 1.23198
15092012 1.24296
17092012 1.24289
18092012 1.25146
19092012 1.24796
20092012 1.24475
21092012 1.24191
22092012 1.24289
24092012 1.24191
25092012 1.24077
26092012 1.24278
27092012 1.24184
28092012 1.23631
29092012 1.23879
01102012 1.23904
02102012 1.24303
03102012 1.25905
04102012 1.26436
05102012 1.27094
06102012 1.28125
08102012 1.28206
09102012 1.27184
10102012 1.26177
11102012 1.26011
12102012 1.25961
13102012 1.26646
15102012 1.26272
16102012 1.26330
17102012 1.26993
18102012 1.26351
19102012 1.26071
20102012 1.26149
22102012 1.26179
23102012 1.26519
24102012 1.26475
25102012 1.25362
26102012 1.24942
27102012 1.24744
29102012 1.24838
30102012 1.24860
31102012 1.25014
01112012 1.24867
02112012 1.24425
03112012 1.24141
05112012 1.23911
06112012 1.23443
07112012 1.22783
08112012 1.22590
09112012 1.22435
10112012 1.22315
12112012 1.22172
13112012 1.21896
14112012 1.21705
15112012 1.22768
16112012 1.23654
17112012 1.23166
19112012 1.23116
20112012 1.23032
21112012 1.23467
22112012 1.23736
23112012 1.24032
24112012 1.24028
26112012 1.23869
27112012 1.23933
28112012 1.23784
29112012 1.23954
30112012 1.24356
01122012 1.24701
03122012 1.24260
04122012 1.25311
05122012 1.25042
06122012 1.25001
07122012 1.23757
08122012 1.23253
10122012 1.22826
11122012 1.23361
12122012 1.23590
13122012 1.23803
14122012 1.24346
15122012 1.24578
17122012 1.24849
18122012 1.24783
19122012 1.25545
20122012 1.26253
21122012 1.26273
22122012 1.26626
24122012 1.26667
25122012 1.27243
26122012 1.27071
27122012 1.27448
28122012 1.27569
29122012 1.27488
31122012 1.27324
01012013 1.26892
02012013 1.26898
03012013 1.25629
04012013 1.24660
05012013 1.24777
07012013 1.24845
08012013 1.24941
09012013 1.24651
10012013 1.24225
11012013 1.25081
12012013 1.26605
14012013 1.26616
15012013 1.26631
16012013 1.25954
17012013 1.25720
18012013 1.26984
19012013 1.26723
21012013 1.26549
22012013 1.26575
23012013 1.26036
24012013 1.26247
25012013 1.27693
26012013 1.29265
28012013 1.29215
29012013 1.29183
30012013 1.28875
31012013 1.30270
01022013 1.30068
02022013 1.31232
04022013 1.30717
05022013 1.29565
06022013 1.30422
07022013 1.31093
08022013 1.30308
09022013 1.29535
11022013 1.29568
12022013 1.30149
13022013 1.30486
14022013 1.30030
15022013 1.28967
16022013 1.29729
18022013 1.29422
19022013 1.29646
20022013 1.29239
21022013 1.29648
22022013 1.28684
23022013 1.27690
25022013 1.28141
26022013 1.27569
27022013 1.27560
28022013 1.28121
01032013 1.27800
02032013 1.27698
04032013 1.27523
05032013 1.27739
06032013 1.27294
07032013 1.26828
08032013 1.27540
09032013 1.27019
11032013 1.27215
12032013 1.26896
13032013 1.26222
14032013 1.25675
15032013 1.25312
16032013 1.25485
18032013 1.24671
19032013 1.24474
20032013 1.24259
21032013 1.24675
22032013 1.23549
23032013 1.24294
25032013 1.23978
26032013 1.22819
27032013 1.22618
28032013 1.22254
29032013 1.23106
30032013 1.23120
01042013 1.22886
02042013 1.23267
03042013 1.22664
04042013 1.22857
05042013 1.23952
06042013 1.25117
08042013 1.25106
09042013 1.24881
10042013 1.24731
11042013 1.23925
12042013 1.24241
13042013 1.24620
15042013 1.24783
16042013 1.26506
17042013 1.26794
18042013 1.26552
19042013 1.26731
20042013 1.26902
22042013 1.27195
23042013 1.27209
24042013 1.26609
25042013 1.26478
26042013 1.26548
27042013 1.26548
29042013 1.26890
30042013 1.26555
01052013 1.27032
02052013 1.28356
03052013 1.27455
04052013 1.27095
06052013 1.27268
07052013 1.27502
08052013 1.28410
09052013 1.29386
10052013 1.29287
11052013 1.29680
13052013 1.29640
14052013 1.30268
15052013 1.30785
16052013 1.30282
17052013 1.31296
18052013 1.31899
20052013 1.31614
21052013 1.31266
22052013 1.31637
23052013 1.32561
24052013 1.32718
25052013 1.33992
27052013 1.34082
28052013 1.34270
29052013 1.33512
30052013 1.34218
31052013 1.34963
01062013 1.35793
03062013 1.35076
04062013 1.33908
05062013 1.35597
06062013 1.37244
07062013 1.37777
08062013 1.39121
10062013 1.40202
11062013 1.40094
12062013 1.41064
13062013 1.40805
14062013 1.38611
15062013 1.39144
17062013 1.39489
18062013 1.39844
19062013 1.41313
20062013 1.42597
21062013 1.43681
22062013 1.42097
24062013 1.42116
25062013 1.41634
26062013 1.41328
27062013 1.40203
28062013 1.40525
29062013 1.42345
01072013 1.42698
02072013 1.41525
03072013 1.41916
04072013 1.43515
05072013 1.41101
06072013 1.41598
08072013 1.41486
09072013 1.40939
10072013 1.39064
11072013 1.41398
12072013 1.42713
13072013 1.44209
15072013 1.44119
16072013 1.43478
17072013 1.42310
18072013 1.42106
19072013 1.42943
20072013 1.43015
22072013 1.43052
23072013 1.42622
24072013 1.42289
25072013 1.44078
26072013 1.43482
27072013 1.43232
29072013 1.43459
03092013 1.45904
04092013 1.44429
05092013 1.44064
06092013 1.43648
07092013 1.43375
09092013 1.43097
10092013 1.43543
11092013 1.42433
12092013 1.42716
13092013 1.43510
14092013 1.43824
16092013 1.43097
17092013 1.43183
18092013 1.42788
19092013 1.42134
20092013 1.43223
21092013 1.43713
23092013 1.44539
24092013 1.42880
25092013 1.43479
26092013 1.44338
27092013 1.44155
28092013 1.45144
30092013 1.44867
01102013 1.45010
02102013 1.43949
03102013 1.44755
04102013 1.44856
05102013 1.43657
07102013 1.43793
08102013 1.43981
09102013 1.43904
10102013 1.43152
11102013 1.42876
12102013 1.43106
14102013 1.43768
15102013 1.42780
16102013 1.42080
17102013 1.41632
18102013 1.42071
19102013 1.41473
21102013 1.41529
22102013 1.41674
23102013 1.41952
24102013 1.43083
25102013 1.43513
26102013 1.44027
28102013 1.44028
29102013 1.44072
30102013 1.45004
31102013 1.44961
01112013 1.43628
02112013 1.42962
04112013 1.42770
05112013 1.42159
06112013 1.41930
07112013 1.41830
08112013 1.41970
09112013 1.42453
11112013 1.42273
12112013 1.43315
13112013 1.44418
14112013 1.44394
15112013 1.44405
16112013 1.44096
18112013 1.43916
19112013 1.43971
20112013 1.43688
21112013 1.43819
22112013 1.46010
23112013 1.47841
25112013 1.47818
26112013 1.47600
27112013 1.48583
28112013 1.49538
29112013 1.49266
30112013 1.49090
02122013 1.48789
03122013 1.48764
04122013 1.48713
05122013 1.50527
06122013 1.50848
07122013 1.50503
09122013 1.50357
10122013 1.50849
11122013 1.50300
16122013 1.54330
17122013 1.53783
18122013 1.54705
19122013 1.54826
20122013 1.54178
21122013 1.53299
23122013 1.53200
24122013 1.53232
26122013 1.53214
27122013 1.53976
28122013 1.54915
30122013 1.55190
31122013 1.54834
01012014 1.53898
02012014 1.54709
03012014 1.53262
04012014 1.51516
06012014 1.51745
07012014 1.52095
08012014 1.52635
09012014 1.52455
10012014 1.52907
11012014 1.51902
13012014 1.51967
14012014 1.50885
15012014 1.52614
16012014 1.52660
17012014 1.54429
18012014 1.54292
20012014 1.54238
21012014 1.54103
22012014 1.54030
23012014 1.53135
24012014 1.56331
25012014 1.56960
27012014 1.57388
28012014 1.56150
29012014 1.55775
30012014 1.56229
31012014 1.54271
01022014 1.54146
03022014 1.53887
04022014 1.54548
05022014 1.51302
06022014 1.51925
07022014 1.51577
08022014 1.52078
10022014 1.52060
11022014 1.52520
12022014 1.50923
13022014 1.50510
14022014 1.52137
15022014 1.51604
17022014 1.51349
18022014 1.51798
19022014 1.52279
20022014 1.52604
21022014 1.52470
22022014 1.53170
24022014 1.52916
25022014 1.51952
26022014 1.52394
06032014 1.52053
07032014 1.52374
11032014 1.53193
12032014 1.54589
13032014 1.54703
14032014 1.53538
15032014 1.54067
17032014 1.54403
18032014 1.53210
19032014 1.52682
20032014 1.53000
21032014 1.52425
22032014 1.51826
24032014 1.51596
25032014 1.51564
26032014 1.50832
27032014 1.49412
28032014 1.48365
29032014 1.48707
31032014 1.48880
01042014 1.48563
02042014 1.49192
03042014 1.48936
04042014 1.48616
05042014 1.47590
07042014 1.47520
08042014 1.48324
09042014 1.47422
10042014 1.47554
11042014 1.47494
12042014 1.47769
14042014 1.47444
15042014 1.46658
16042014 1.47653
17042014 1.47355
18042014 1.48088
19042014 1.48044
21042014 1.47881
22042014 1.47874
06052014 1.49459
07052014 1.48895
08052014 1.49087
09052014 1.47668
10052014 1.46970
12052014 1.46894
19052014 1.46595
20052014 1.46975
21052014 1.48058
22052014 1.48121
23052014 1.48021
24052014 1.47617
26052014 1.47467
27052014 1.47641
28052014 1.47236
29052014 1.47209
30052014 1.46251
31052014 1.46463
02062014 1.46444
03062014 1.47056
04062014 1.47061
05062014 1.46575
06062014 1.46242
07062014 1.46213
09062014 1.46079
10062014 1.45280
11062014 1.44502
12062014 1.44151
13062014 1.43933
14062014 1.43993
16062014 1.44086
17062014 1.44342
18062014 1.45055
19062014 1.44591
20062014 1.44771
21062014 1.44846
23062014 1.44965
24062014 1.44638
25062014 1.45121
26062014 1.45008
27062014 1.44595
28062014 1.44795
30062014 1.44777
01072014 1.45223
02072014 1.44051
03072014 1.44687
04072014 1.45563
05072014 1.45167
07072014 1.45180
08072014 1.45144
09072014 1.44785
10072014 1.44888
11072014 1.44788
12072014 1.44904
14072014 1.45021
15072014 1.44942
16072014 1.44765
17072014 1.44388
18072014 1.44556
19072014 1.43981
21072014 1.43970
22072014 1.44239
23072014 1.43360
24072014 1.42340
25072014 1.42916
26072014 1.42964
28072014 1.42922
29072014 1.42717
30072014 1.42921
31072014 1.43591
01082014 1.44080
02082014 1.44144
04082014 1.44240
05082014 1.43789
06082014 1.43723
07082014 1.43085
08082014 1.44013
09082014 1.44549
