01062012 1.27620
02062012 1.28900
04062012 1.29000
05062012 1.30050
06062012 1.29250
07062012 1.29200
08062012 1.28950
09062012 1.28860
11062012 1.29180
12062012 1.28680
13062012 1.28310
14062012 1.29300
15062012 1.29100
16062012 1.29300
18062012 1.29570
19062012 1.28910
20062012 1.29340
21062012 1.29400
22062012 1.29020
23062012 1.28820
25062012 1.28840
26062012 1.28580
27062012 1.27970
28062012 1.27820
29062012 1.28510
30062012 1.28830
02072012 1.28800
03072012 1.28010
04072012 1.27630
05072012 1.26870
06072012 1.25460
07072012 1.25190
09072012 1.25140
10072012 1.25490
11072012 1.25070
12072012 1.24920
13072012 1.24330
14072012 1.24160
16072012 1.24290
17072012 1.24520
18072012 1.24280
19072012 1.23920
20072012 1.23610
21072012 1.23020
23072012 1.22880
24072012 1.23290
25072012 1.23150
26072012 1.23300
27072012 1.24030
28072012 1.23750
30072012 1.23460
31072012 1.22780
01082012 1.23320
02082012 1.23170
03082012 1.22480
04082012 1.23510
06082012 1.24130
07082012 1.23900
08082012 1.23750
09082012 1.22820
10082012 1.21900
11082012 1.21910
13082012 1.21840
14082012 1.22480
15082012 1.22240
16082012 1.21480
17082012 1.21930
18082012 1.21800
20082012 1.22110
21082012 1.21980
22082012 1.23230
23082012 1.23790
24082012 1.24850
25082012 1.24220
27082012 1.24120
28082012 1.23870
29082012 1.24100
30082012 1.23720
31082012 1.24010
01092012 1.23880
03092012 1.24120
04092012 1.24140
05092012 1.23920
06092012 1.24800
07092012 1.24140
08092012 1.25060
10092012 1.25190
11092012 1.24810
12092012 1.25010
13092012 1.25760
14092012 1.25690
15092012 1.27220
17092012 1.27250
18092012 1.27630
19092012 1.27050
20092012 1.27250
21092012 1.26630
22092012 1.26910
24092012 1.26650
25092012 1.26590
26092012 1.26690
27092012 1.26600
28092012 1.26450
29092012 1.26400
01102012 1.26370
02102012 1.26660
03102012 1.27110
04102012 1.27340
05102012 1.27690
06102012 1.27440
08102012 1.27280
09102012 1.26570
10102012 1.25890
11102012 1.26530
12102012 1.26500
13102012 1.26870
15102012 1.26760
16102012 1.26590
17102012 1.28610
18102012 1.28410
19102012 1.28500
20102012 1.29300
22102012 1.29460
23102012 1.29720
24102012 1.28770
25102012 1.28710
26102012 1.28670
27102012 1.29010
29102012 1.29110
30102012 1.29110
31102012 1.29480
01112012 1.29560
02112012 1.28830
03112012 1.27680
05112012 1.27590
06112012 1.27450
07112012 1.27170
08112012 1.27140
09112012 1.27360
10112012 1.27120
12112012 1.27080
13112012 1.27000
14112012 1.27260
15112012 1.27830
16112012 1.27960
17112012 1.27410
19112012 1.27540
20112012 1.27600
21112012 1.27810
22112012 1.27790
23112012 1.28280
24112012 1.28640
26112012 1.28700
27112012 1.28840
28112012 1.28390
29112012 1.28390
30112012 1.28730
01122012 1.29040
03122012 1.28920
04122012 1.29830
05122012 1.29960
06122012 1.29680
07122012 1.28420
08122012 1.27940
10122012 1.27210
11122012 1.27650
12122012 1.28260
13122012 1.28620
14122012 1.28770
15122012 1.29740
17122012 1.29850
18122012 1.29560
19122012 1.30330
20122012 1.30660
21122012 1.30740
22122012 1.30860
24122012 1.30870
25122012 1.30790
26122012 1.30850
27122012 1.31440
28122012 1.31600
29122012 1.31560
31122012 1.31620
01012013 1.31060
02012013 1.31080
03012013 1.29870
04012013 1.29130
05012013 1.28780
07012013 1.28960
08012013 1.29250
09012013 1.29040
10012013 1.28840
11012013 1.30610
12012013 1.31240
14012013 1.31460
15012013 1.31470
16012013 1.30770
17012013 1.31070
18012013 1.31800
19012013 1.32150
21012013 1.32010
22012013 1.32190
23012013 1.32120
24012013 1.32930
25012013 1.34080
26012013 1.35640
28012013 1.35490
29012013 1.35300
30012013 1.35130
31012013 1.35830
01022013 1.35220
02022013 1.36270
04022013 1.36020
05022013 1.34810
06022013 1.35370
07022013 1.34680
08022013 1.33740
09022013 1.33910
11022013 1.34010
12022013 1.34940
13022013 1.34880
14022013 1.34690
15022013 1.33580
16022013 1.34430
18022013 1.34420
19022013 1.34960
20022013 1.35530
21022013 1.35570
22022013 1.34450
23022013 1.34700
25022013 1.35070
26022013 1.34500
27022013 1.33840
28022013 1.34170
01032013 1.34530
02032013 1.33780
04032013 1.33650
05032013 1.33870
06032013 1.33950
07032013 1.33940
08032013 1.34970
09032013 1.33560
11032013 1.33590
12032013 1.33770
13032013 1.33620
14032013 1.33100
15032013 1.32840
16032013 1.33030
18032013 1.32010
19032013 1.32280
20032013 1.32250
21032013 1.32670
22032013 1.32200
23032013 1.32740
25032013 1.32610
26032013 1.31360
27032013 1.30630
28032013 1.29800
29032013 1.30320
30032013 1.30410
01042013 1.30280
02042013 1.30630
03042013 1.30000
04042013 1.30290
05042013 1.30810
06042013 1.32510
08042013 1.32040
09042013 1.32540
10042013 1.32810
11042013 1.32530
12042013 1.32530
13042013 1.32670
15042013 1.32990
16042013 1.33580
17042013 1.34680
18042013 1.33790
19042013 1.33930
20042013 1.34140
22042013 1.34090
23042013 1.33960
24042013 1.33380
25042013 1.33640
26042013 1.32680
27042013 1.32420
29042013 1.32630
30042013 1.32450
01052013 1.32470
02052013 1.32950
03052013 1.31690
04052013 1.32090
06052013 1.32128
07052013 1.31710
08052013 1.31500
09052013 1.31980
10052013 1.31450
11052013 1.31250
13052013 1.31181
14052013 1.31070
15052013 1.31420
16052013 1.30910
17052013 1.31160
18052013 1.31840
20052013 1.32033
21052013 1.31910
22052013 1.32360
23052013 1.33290
24052013 1.33330
25052013 1.33480
27052013 1.33293
28052013 1.33590
29052013 1.33630
30052013 1.33870
31052013 1.34530
01062013 1.34190
03062013 1.34764
04062013 1.34320
05062013 1.35330
06062013 1.35310
07062013 1.35800
08062013 1.35100
10062013 1.34718
11062013 1.35060
12062013 1.35470
13062013 1.35870
14062013 1.35680
15062013 1.35570
17062013 1.35763
18062013 1.35820
19062013 1.36790
20062013 1.36340
21062013 1.37190
22062013 1.37500
24062013 1.37210
25062013 1.37670
26062013 1.37620
27062013 1.36230
28062013 1.36600
29062013 1.36870
01072013 1.36943
02072013 1.37099
03072013 1.36854
04072013 1.36740
05072013 1.35650
06072013 1.35840
08072013 1.35578
09072013 1.35890
10072013 1.34470
11072013 1.35020
12072013 1.35620
13072013 1.35770
15072013 1.35838
16072013 1.36110
17072013 1.36340
18072013 1.36750
19072013 1.36090
20072013 1.36120
22072013 1.36112
23072013 1.36330
24072013 1.36040
25072013 1.35940
26072013 1.36070
27072013 1.36500
29072013 1.36564
30072013 1.36120
31072013 1.36500
01082013 1.36630
02082013 1.36620
03082013 1.37960
05082013 1.38000
06082013 1.37400
07082013 1.37980
08082013 1.38880
09082013 1.38080
10082013 1.37200
12082013 1.37160
13082013 1.37070
14082013 1.37120
15082013 1.36850
16082013 1.37480
17082013 1.37830
19082013 1.37870
20082013 1.37980
21082013 1.39350
22082013 1.39590
23082013 1.40540
24082013 1.40710
26082013 1.40640
27082013 1.40440
28082013 1.40530
29082013 1.39640
30082013 1.39450
31082013 1.38950
02092013 1.39110
03092013 1.39130
04092013 1.38659
05092013 1.38609
06092013 1.37809
07092013 1.37132
09092013 1.37080
10092013 1.37540
11092013 1.37289
12092013 1.37337
13092013 1.37312
14092013 1.37639
16092013 1.37825
17092013 1.37704
18092013 1.37528
19092013 1.38062
20092013 1.38824
21092013 1.39267
23092013 1.39571
24092013 1.38772
25092013 1.38790
26092013 1.39508
27092013 1.39060
28092013 1.39308
30092013 1.39179
01102013 1.39342
02102013 1.39742
03102013 1.40362
04102013 1.40673
05102013 1.39476
07102013 1.39581
08102013 1.40012
09102013 1.40723
10102013 1.40538
11102013 1.40575
12102013 1.40296
14102013 1.40571
15102013 1.40317
16102013 1.40283
17102013 1.39791
18102013 1.40783
19102013 1.40865
21102013 1.40790
22102013 1.40942
23102013 1.41781
24102013 1.43047
25102013 1.43873
26102013 1.44343
28102013 1.44206
29102013 1.43978
30102013 1.43871
31102013 1.43958
01112013 1.41568
02112013 1.40659
04112013 1.40567
05112013 1.40859
06112013 1.40939
07112013 1.40874
08112013 1.40276
09112013 1.40067
11112013 1.39980
12112013 1.40417
13112013 1.40858
14112013 1.40881
15112013 1.41056
16112013 1.40938
18112013 1.40848
19112013 1.40791
20112013 1.41745
21112013 1.40297
22112013 1.41680
23112013 1.42692
25112013 1.42585
26112013 1.42666
27112013 1.43128
28112013 1.43813
29112013 1.44037
30112013 1.44144
02122013 1.44209
03122013 1.43973
04122013 1.44728
05122013 1.45168
06122013 1.45619
07122013 1.46000
09122013 1.45960
10122013 1.46149
11122013 1.46027
16122013 1.45976
17122013 1.45712
18122013 1.46112
19122013 1.46578
20122013 1.45618
21122013 1.45749
23122013 1.45415
24122013 1.45202
26122013 1.45344
27122013 1.45720
28122013 1.47101
30122013 1.47173
31122013 1.46833
01012014 1.46110
02012014 1.46543
03012014 1.45558
04012014 1.44384
06012014 1.44538
07012014 1.45258
08012014 1.46595
09012014 1.46760
10012014 1.47680
11012014 1.48793
13012014 1.49109
14012014 1.48376
15012014 1.49685
16012014 1.48975
17012014 1.48672
18012014 1.48451
20012014 1.48355
21012014 1.48664
22012014 1.48898
23012014 1.50124
24012014 1.52217
25012014 1.51354
27012014 1.51327
28012014 1.51636
29012014 1.52363
30012014 1.52460
31012014 1.51435
01022014 1.50010
03022014 1.49908
04022014 1.50129
05022014 1.49651
06022014 1.49910
07022014 1.50376
08022014 1.50339
10022014 1.50271
11022014 1.50671
12022014 1.50173
13022014 1.49489
14022014 1.50078
15022014 1.50417
17022014 1.50557
18022014 1.50203
19022014 1.50549
20022014 1.52266
21022014 1.52395
22022014 1.52924
24022014 1.52524
25022014 1.51905
26022014 1.52275
06032014 1.51495
07032014 1.52240
11032014 1.53917
12032014 1.53869
13032014 1.54622
14032014 1.53223
15032014 1.54304
17032014 1.54304
18032014 1.53880
19032014 1.55164
20032014 1.55527
21032014 1.54877
22032014 1.54657
24032014 1.54696
25032014 1.54917
26032014 1.54260
27032014 1.52891
28032014 1.51589
29032014 1.52135
31032014 1.52239
01042014 1.52301
02042014 1.52203
03042014 1.51879
04042014 1.51382
05042014 1.50480
07042014 1.50380
08042014 1.50776
09042014 1.50692
10042014 1.50622
11042014 1.51749
12042014 1.52412
14042014 1.52071
15042014 1.51367
16042014 1.51584
17042014 1.52247
18042014 1.52144
19042014 1.52229
21042014 1.52236
22042014 1.51934
23042014 1.52070
24042014 1.52350
25042014 1.52500
26042014 1.52730
28042014 1.52830
29042014 1.52730
30042014 1.51160
01052014 1.51750
02052014 1.52070
03052014 1.52280
05052014 1.52420
06052014 1.51990
07052014 1.51568
08052014 1.51563
09052014 1.49880
10052014 1.49867
12052014 1.49909
19052014 1.48700
20052014 1.48996
21052014 1.49325
22052014 1.49397
23052014 1.48762
24052014 1.48143
26052014 1.48046
27052014 1.48204
28052014 1.48075
29052014 1.47813
30052014 1.47404
31052014 1.47789
02062014 1.47816
03062014 1.48189
04062014 1.48605
05062014 1.48754
06062014 1.49248
07062014 1.49129
09062014 1.49057
10062014 1.48242
11062014 1.47718
12062014 1.47004
13062014 1.47255
14062014 1.46982
16062014 1.46944
17062014 1.47108
18062014 1.47124
19062014 1.47382
20062014 1.47231
21062014 1.46204
23062014 1.46163
24062014 1.45817
25062014 1.46154
26062014 1.46132
27062014 1.45539
28062014 1.45493
30062014 1.45465
01072014 1.46103
02072014 1.45428
03072014 1.45662
04072014 1.44754
05072014 1.44848
07072014 1.44723
08072014 1.45284
09072014 1.45332
10072014 1.45416
11072014 1.44880
12072014 1.46063
14072014 1.46017
15072014 1.45928
16072014 1.45947
17072014 1.45323
18072014 1.45517
19072014 1.45203
21072014 1.45144
22072014 1.45098
23072014 1.44591
24072014 1.44444
25072014 1.44655
26072014 1.45247
28072014 1.45251
29072014 1.45077
30072014 1.45607
31072014 1.45983
01082014 1.45995
02082014 1.46655
04082014 1.46629
05082014 1.46396
06082014 1.46597
07082014 1.46001
08082014 1.45965
09082014 1.47149
