01062012 1.20070
02062012 1.20080
04062012 1.20090
05062012 1.20070
06062012 1.20070
07062012 1.20040
08062012 1.20090
09062012 1.20070
11062012 1.20120
12062012 1.20080
13062012 1.20070
14062012 1.20050
15062012 1.20080
16062012 1.20070
18062012 1.20050
19062012 1.20070
20062012 1.20060
21062012 1.20070
22062012 1.20060
23062012 1.20050
25062012 1.20060
26062012 1.20050
27062012 1.20060
28062012 1.20060
29062012 1.20080
30062012 1.20090
02072012 1.20080
03072012 1.20100
04072012 1.20070
05072012 1.20080
06072012 1.20080
07072012 1.20060
09072012 1.20090
10072012 1.20050
11072012 1.20060
12072012 1.20060
13072012 1.20040
14072012 1.20060
16072012 1.20070
17072012 1.20080
18072012 1.20100
19072012 1.20070
20072012 1.20070
21072012 1.20050
23072012 1.20080
24072012 1.20060
25072012 1.20060
26072012 1.20060
27072012 1.20060
28072012 1.20070
30072012 1.20070
31072012 1.20080
01082012 1.20080
02082012 1.20130
03082012 1.20090
04082012 1.20100
06082012 1.20100
07082012 1.20090
08082012 1.20120
09082012 1.20080
10082012 1.20060
11082012 1.20040
13082012 1.20050
14082012 1.20060
15082012 1.20080
16082012 1.20060
17082012 1.20070
18082012 1.20070
20082012 1.20070
21082012 1.20060
22082012 1.20070
23082012 1.20050
24082012 1.20060
25082012 1.20050
27082012 1.20060
28082012 1.20070
29082012 1.20060
30082012 1.20050
31082012 1.20060
01092012 1.20050
03092012 1.20060
04092012 1.20050
05092012 1.20080
06092012 1.20370
07092012 1.20520
08092012 1.20870
10092012 1.20850
11092012 1.20800
12092012 1.20720
13092012 1.20900
14092012 1.21390
15092012 1.21500
17092012 1.21540
18092012 1.21620
19092012 1.21120
20092012 1.21070
21092012 1.20940
22092012 1.21140
24092012 1.21050
25092012 1.21010
26092012 1.21100
27092012 1.20820
28092012 1.20970
29092012 1.20830
01102012 1.20820
02102012 1.20880
03102012 1.20920
04102012 1.21070
05102012 1.21100
06102012 1.21090
08102012 1.21090
09102012 1.20960
10102012 1.21000
11102012 1.20980
12102012 1.20840
13102012 1.20820
15102012 1.20870
16102012 1.20810
17102012 1.20880
18102012 1.20950
19102012 1.20840
20102012 1.20840
22102012 1.20860
23102012 1.20980
24102012 1.21030
25102012 1.20920
26102012 1.20990
27102012 1.20940
29102012 1.20880
30102012 1.20820
31102012 1.20820
01112012 1.20680
02112012 1.20560
03112012 1.20690
05112012 1.20650
06112012 1.20660
07112012 1.20800
08112012 1.20620
09112012 1.20570
10112012 1.20560
12112012 1.20550
13112012 1.20470
14112012 1.20380
15112012 1.20380
16112012 1.20360
17112012 1.20430
19112012 1.20440
20112012 1.20390
21112012 1.20430
22112012 1.20370
23112012 1.20430
24112012 1.20370
26112012 1.20380
27112012 1.20350
28112012 1.20370
29112012 1.20310
30112012 1.20350
01122012 1.20460
03122012 1.20480
04122012 1.20820
05122012 1.21350
06122012 1.21120
07122012 1.20940
08122012 1.20760
10122012 1.20750
11122012 1.20710
12122012 1.21250
13122012 1.21150
14122012 1.20770
15122012 1.20730
17122012 1.20680
18122012 1.20760
19122012 1.20760
20122012 1.20800
21122012 1.20710
22122012 1.20790
24122012 1.20730
25122012 1.20700
26122012 1.20730
27122012 1.20740
28122012 1.20880
29122012 1.20710
31122012 1.20700
01012013 1.20690
02012013 1.20810
03012013 1.20960
04012013 1.20890
05012013 1.20830
07012013 1.20870
08012013 1.20820
09012013 1.20850
10012013 1.20840
11012013 1.21140
12012013 1.21790
14012013 1.21900
15012013 1.22920
16012013 1.23740
17012013 1.23830
18012013 1.24790
19012013 1.24460
21012013 1.24450
22012013 1.24120
23012013 1.23660
24012013 1.23660
25012013 1.24120
26012013 1.24730
28012013 1.24800
29012013 1.24600
30012013 1.24220
31012013 1.23700
01022013 1.23550
02022013 1.23840
04022013 1.23970
05022013 1.22720
06022013 1.23300
07022013 1.22850
08022013 1.23040
09022013 1.22580
11022013 1.22720
12022013 1.23130
13022013 1.23300
14022013 1.23440
15022013 1.23140
16022013 1.23130
18022013 1.23140
19022013 1.23280
20022013 1.23460
21022013 1.23270
22022013 1.22800
23022013 1.22630
25022013 1.22820
26022013 1.21970
27022013 1.21630
28022013 1.22110
01032013 1.22160
02032013 1.22770
04032013 1.22610
05032013 1.22430
06032013 1.22770
07032013 1.23080
08032013 1.23520
09032013 1.23590
11032013 1.23670
12032013 1.23550
13032013 1.23340
14032013 1.23410
15032013 1.23080
16032013 1.22720
18032013 1.21730
19032013 1.22400
20032013 1.21990
21032013 1.22150
22032013 1.22180
23032013 1.22180
25032013 1.22060
26032013 1.21890
27032013 1.21880
28032013 1.21770
29032013 1.21640
30032013 1.21620
01042013 1.21660
02042013 1.21610
03042013 1.21630
04042013 1.21340
05042013 1.21560
06042013 1.21410
08042013 1.21310
09042013 1.21610
10042013 1.21960
11042013 1.21810
12042013 1.21980
13042013 1.21610
15042013 1.21540
16042013 1.21610
17042013 1.21550
18042013 1.21430
19042013 1.21590
20042013 1.21840
22042013 1.21830
23042013 1.21970
24042013 1.22630
25042013 1.23220
26042013 1.22980
27042013 1.22770
29042013 1.22790
30042013 1.22690
01052013 1.22430
02052013 1.22190
03052013 1.22110
04052013 1.22560
06052013 1.22554
07052013 1.22670
08052013 1.22950
09052013 1.23070
10052013 1.23800
11052013 1.24150
13052013 1.24392
14052013 1.24270
15052013 1.24780
16052013 1.24280
17052013 1.23970
18052013 1.24810
20052013 1.24564
21052013 1.24400
22052013 1.25120
23052013 1.26070
24052013 1.25090
25052013 1.24180
27052013 1.24340
28052013 1.24630
29052013 1.25290
30052013 1.24560
31052013 1.24430
01062013 1.24450
03062013 1.24208
04062013 1.23570
05062013 1.23850
06062013 1.23380
07062013 1.23100
08062013 1.23560
10062013 1.23573
11062013 1.23640
12062013 1.22920
13062013 1.22780
14062013 1.23030
15062013 1.22840
17062013 1.22987
18062013 1.23410
19062013 1.23170
20062013 1.23110
21062013 1.22690
22062013 1.22650
24062013 1.22613
25062013 1.22330
26062013 1.22810
27062013 1.22620
28062013 1.23175
29062013 1.22929
01072013 1.23008
02072013 1.23482
03072013 1.23375
04072013 1.23150
05072013 1.23640
06072013 1.23500
08072013 1.23663
09072013 1.23960
10072013 1.24230
11072013 1.24110
12072013 1.23760
13072013 1.23600
15072013 1.23594
16072013 1.23960
17072013 1.23660
18072013 1.23430
19072013 1.23820
20072013 1.23620
22072013 1.23630
23072013 1.23410
24072013 1.23660
25072013 1.23660
26072013 1.23430
27072013 1.23170
29072013 1.23248
30072013 1.23400
31072013 1.23260
01082013 1.23250
02082013 1.23650
03082013 1.23250
05082013 1.23410
06082013 1.23100
07082013 1.23140
08082013 1.22840
09082013 1.23100
10082013 1.23060
12082013 1.23080
13082013 1.23050
14082013 1.23720
15082013 1.23940
16082013 1.23600
17082013 1.23420
19082013 1.23490
20082013 1.23170
21082013 1.23110
22082013 1.23040
23082013 1.23350
24082013 1.23320
26082013 1.23290
27082013 1.23420
28082013 1.22860
29082013 1.22890
30082013 1.23210
31082013 1.22890
02092013 1.23100
03092013 1.23250
04092013 1.23468
05092013 1.23586
06092013 1.23930
07092013 1.23558
09092013 1.23581
10092013 1.23583
11092013 1.24006
12092013 1.23824
13092013 1.23754
14092013 1.23630
16092013 1.23455
17092013 1.23679
18092013 1.23678
19092013 1.23376
20092013 1.23179
21092013 1.23170
23092013 1.23072
24092013 1.22924
25092013 1.22967
26092013 1.22996
27092013 1.22768
28092013 1.22470
30092013 1.22277
01102013 1.22340
02102013 1.22517
03102013 1.22570
04102013 1.22523
05102013 1.22940
07102013 1.22959
08102013 1.22692
09102013 1.22716
10102013 1.23084
11102013 1.23252
12102013 1.23505
14102013 1.23311
15102013 1.23435
16102013 1.23434
17102013 1.23602
18102013 1.23410
19102013 1.23421
21102013 1.23403
22102013 1.23392
23102013 1.23331
24102013 1.22901
25102013 1.23121
26102013 1.23209
28102013 1.23222
29102013 1.23470
30102013 1.23554
31102013 1.23498
01112013 1.23189
02112013 1.23071
04112013 1.23050
05112013 1.22933
06112013 1.22989
07112013 1.23293
08112013 1.22968
09112013 1.23219
11112013 1.23171
12112013 1.23263
13112013 1.23284
14112013 1.23173
15112013 1.23297
16112013 1.23448
18112013 1.23410
19112013 1.23314
20112013 1.23327
21112013 1.23190
22112013 1.23176
23112013 1.22930
25112013 1.22936
26112013 1.23266
27112013 1.23014
28112013 1.23252
29112013 1.23197
30112013 1.23150
02122013 1.23097
03122013 1.23015
04122013 1.22933
05122013 1.22650
06122013 1.22518
07122013 1.22230
09122013 1.22255
10122013 1.22335
11122013 1.22090
16122013 1.22078
17122013 1.22104
18122013 1.21840
19122013 1.22138
20122013 1.22677
21122013 1.22455
23122013 1.22482
24122013 1.22426
26122013 1.22479
27122013 1.22718
28122013 1.22577
30122013 1.22522
31122013 1.22474
01012014 1.22742
02012014 1.22696
03012014 1.22972
04012014 1.23023
06012014 1.22975
07012014 1.23250
08012014 1.23721
09012014 1.23677
10012014 1.23454
11012014 1.23386
13012014 1.23310
14012014 1.22940
15012014 1.23435
16012014 1.23599
17012014 1.23185
18012014 1.23302
20012014 1.23228
21012014 1.23321
22012014 1.23412
23012014 1.23477
24012014 1.22911
25012014 1.22406
27012014 1.22322
28012014 1.22629
29012014 1.22677
30012014 1.22203
31012014 1.22408
01022014 1.22392
03022014 1.22208
04022014 1.21878
05022014 1.22233
06022014 1.22261
07022014 1.22375
08022014 1.22329
10022014 1.22362
11022014 1.22340
12022014 1.22484
13022014 1.22403
14022014 1.22278
15022014 1.22158
17022014 1.22192
18022014 1.22198
19022014 1.22223
20022014 1.22053
21022014 1.21998
22022014 1.21915
24022014 1.21902
25022014 1.22098
26022014 1.21906
06032014 1.21963
07032014 1.22028
11032014 1.21831
12032014 1.21686
13032014 1.21531
14032014 1.21288
15032014 1.21340
17032014 1.21307
18032014 1.21572
19032014 1.21665
20032014 1.21825
21032014 1.21777
22032014 1.21749
24032014 1.21697
25032014 1.21858
26032014 1.22044
27032014 1.21990
28032014 1.21816
29032014 1.21939
31032014 1.21939
01042014 1.21783
02042014 1.21851
03042014 1.22057
04042014 1.22253
05042014 1.22195
07042014 1.22229
08042014 1.21975
09042014 1.21878
10042014 1.21841
11042014 1.21680
12042014 1.21580
14042014 1.21500
15042014 1.21572
16042014 1.21595
17042014 1.21873
18042014 1.22019
19042014 1.22019
21042014 1.22019
22042014 1.22072
23042014 1.22120
24042014 1.21960
25042014 1.21880
26042014 1.21900
28042014 1.21900
29042014 1.21860
30042014 1.22080
01052014 1.22040
02052014 1.21920
03052014 1.21750
05052014 1.21720
06052014 1.21760
07052014 1.21759
08052014 1.21896
09052014 1.21826
10052014 1.21946
12052014 1.21911
19052014 1.22180
20052014 1.22281
21052014 1.22198
22052014 1.22260
23052014 1.22113
24052014 1.22062
26052014 1.22080
27052014 1.22077
28052014 1.22271
29052014 1.22098
30052014 1.22123
31052014 1.22058
02062014 1.22005
03062014 1.22194
04062014 1.22146
05062014 1.22005
06062014 1.21799
07062014 1.21898
09062014 1.21878
10062014 1.21938
11062014 1.21817
12062014 1.21753
13062014 1.21756
14062014 1.21874
16062014 1.21832
17062014 1.21784
18062014 1.21838
19062014 1.21801
20062014 1.21663
21062014 1.21756
23062014 1.21661
24062014 1.21650
25062014 1.21625
26062014 1.21694
27062014 1.21616
28062014 1.21604
30062014 1.21561
01072014 1.21423
02072014 1.21392
03072014 1.21414
04072014 1.21584
05072014 1.21585
07072014 1.21587
08072014 1.21534
09072014 1.21545
10072014 1.21541
11072014 1.21422
12072014 1.21391
14072014 1.21386
15072014 1.21469
16072014 1.21552
17072014 1.21502
18072014 1.21396
19072014 1.21493
21072014 1.21446
22072014 1.21434
23072014 1.21514
24072014 1.21458
25072014 1.21512
26072014 1.21514
28072014 1.21488
29072014 1.21485
30072014 1.21610
31072014 1.21725
01082014 1.21686
02082014 1.21633
04082014 1.21589
05082014 1.21689
06082014 1.21617
07082014 1.21434
08082014 1.21434
09082014 1.21427
