03092013 7.4592
04092013 7.4591
05092013 7.4581
06092013 7.4584
07092013 7.4587
09092013 7.4582
10092013 7.4587
11092013 7.4585
12092013 7.4580
13092013 7.4576
14092013 7.4567
16092013 7.4565
17092013 7.4578
18092013 7.4581
19092013 7.4581
20092013 7.4576
21092013 7.4570
23092013 7.4548
24092013 7.4578
25092013 7.4565
26092013 7.4575
27092013 7.4580
28092013 7.4573
30092013 7.4568
01102013 7.4583
02102013 7.4582
03102013 7.4594
04102013 7.4597
05102013 7.4593
07102013 7.4594
08102013 7.4598
09102013 7.4598
10102013 7.4593
11102013 7.4591
12102013 7.4586
14102013 7.4589
15102013 7.4587
16102013 7.4588
17102013 7.4587
18102013 7.4587
19102013 7.4587
21102013 7.4588
22102013 7.4589
23102013 7.4596
24102013 7.4593
25102013 7.4590
26102013 7.4595
28102013 7.4593
29102013 7.4592
30102013 7.4585
31102013 7.4582
01112013 7.4584
02112013 7.4580
04112013 7.4583
05112013 7.4581
06112013 7.4588
07112013 7.4588
08112013 7.4582
09112013 7.4585
11112013 7.4584
12112013 7.4584
13112013 7.4581
14112013 7.4587
15112013 7.4585
16112013 7.4586
18112013 7.4577
19112013 7.4581
20112013 7.4587
21112013 7.4588
22112013 7.4587
23112013 7.4583
25112013 7.4583
26112013 7.4586
27112013 7.4586
28112013 7.4586
29112013 7.4586
30112013 7.4596
02122013 7.4593
03122013 7.4599
04122013 7.4592
05122013 7.4592
06122013 7.4597
07122013 7.4596
09122013 7.4594
10122013 7.4599
11122013 7.4602
16122013 7.4605
17122013 7.4604
18122013 7.4604
19122013 7.4601
20122013 7.4595
21122013 7.4608
23122013 7.4607
24122013 7.4607
26122013 7.4604
27122013 7.4602
28122013 7.4595
30122013 7.4594
31122013 7.4595
01012014 7.4599
02012014 7.4595
03012014 7.4585
04012014 7.4587
06012014 7.4587
07012014 7.4597
08012014 7.4598
09012014 7.4605
10012014 7.4609
11012014 7.4621
13012014 7.4618
14012014 7.4623
15012014 7.4622
16012014 7.4617
17012014 7.4622
18012014 7.4623
20012014 7.4620
21012014 7.4615
22012014 7.4621
23012014 7.4622
24012014 7.4621
25012014 7.4620
27012014 7.4617
28012014 7.4618
29012014 7.4617
30012014 7.4624
31012014 7.4622
01022014 7.4614
03022014 7.4613
04022014 7.4620
05022014 7.4624
06022014 7.4622
07022014 7.4622
08022014 7.4623
10022014 7.4621
11022014 7.4623
12022014 7.4620
13022014 7.4622
14022014 7.4617
15022014 7.4616
17022014 7.4615
18022014 7.4618
19022014 7.4618
20022014 7.4622
21022014 7.4626
22022014 7.4625
24022014 7.4621
25022014 7.4624
26022014 7.4622
06032014 7.4623
07032014 7.4627
11032014 7.4625
12032014 7.4628
13032014 7.4631
14032014 7.4631
15032014 7.4628
17032014 7.4628
18032014 7.4630
19032014 7.4639
20032014 7.4643
21032014 7.4648
22032014 7.4646
24032014 7.4647
25032014 7.4648
26032014 7.4648
27032014 7.4668
28032014 7.4662
29032014 7.4658
31032014 7.4658
01042014 7.4658
02042014 7.4650
03042014 7.4649
04042014 7.4649
05042014 7.4656
07042014 7.4656
08042014 7.4657
09042014 7.4655
10042014 7.4660
11042014 7.4662
12042014 7.4662
14042014 7.4662
15042014 7.4664
16042014 7.4662
17042014 7.4663
18042014 7.4662
19042014 7.4662
21042014 7.4662
22042014 7.4661
06052014 7.4637
07052014 7.4639
08052014 7.4641
09052014 7.4640
10052014 7.4640
12052014 7.4634
19052014 7.4644
20052014 7.4647
21052014 7.4648
22052014 7.4650
23052014 7.4639
24052014 7.4638
26052014 7.4638
27052014 7.4636
28052014 7.4633
29052014 7.4635
30052014 7.4635
31052014 7.4635
02062014 7.4636
03062014 7.4635
04062014 7.4637
05062014 7.4628
06062014 7.4619
07062014 7.4613
09062014 7.4614
10062014 7.4616
11062014 7.4611
12062014 7.4617
13062014 7.4603
14062014 7.4581
16062014 7.4585
17062014 7.4563
18062014 7.4560
19062014 7.4562
20062014 7.4561
21062014 7.4555
23062014 7.4555
24062014 7.4550
25062014 7.4547
26062014 7.4552
27062014 7.4566
28062014 7.4552
30062014 7.4553
01072014 7.4555
02072014 7.4561
03072014 7.4566
04072014 7.4567
05072014 7.4568
07072014 7.4565
08072014 7.4548
09072014 7.4558
10072014 7.4547
11072014 7.4553
12072014 7.4551
14072014 7.4553
15072014 7.4569
16072014 7.4567
17072014 7.4566
18072014 7.4574
19072014 7.4563
21072014 7.4558
22072014 7.4568
23072014 7.4574
24072014 7.4567
25072014 7.4571
26072014 7.4567
28072014 7.4564
29072014 7.4565
30072014 7.4562
31072014 7.4562
01082014 7.4561
02082014 7.4558
04082014 7.4558
05082014 7.4555
06082014 7.4551
07082014 7.4552
08082014 7.4546
09082014 7.4548
