01062012 0.80210
02062012 0.80700
04062012 0.80810
05062012 0.81190
06062012 0.80950
07062012 0.81060
08062012 0.80890
09062012 0.80890
11062012 0.81470
12062012 0.80640
13062012 0.80260
14062012 0.80910
15062012 0.81110
16062012 0.80600
18062012 0.80790
19062012 0.80250
20062012 0.80760
21062012 0.80780
22062012 0.80480
23062012 0.80550
25062012 0.80570
26062012 0.80300
27062012 0.79870
28062012 0.80080
29062012 0.80140
30062012 0.80650
02072012 0.80740
03072012 0.80190
04072012 0.80310
05072012 0.80300
06072012 0.79760
07072012 0.79310
09072012 0.79210
10072012 0.79300
11072012 0.78980
12072012 0.78930
13072012 0.79060
14072012 0.78590
16072012 0.78730
17072012 0.78470
18072012 0.78470
19072012 0.78350
20072012 0.78030
21072012 0.77840
23072012 0.77550
24072012 0.78090
25072012 0.77760
26072012 0.78310
27072012 0.78290
28072012 0.78330
30072012 0.78120
31072012 0.78020
01082012 0.78480
02082012 0.78780
03082012 0.78420
04082012 0.79070
06082012 0.79370
07082012 0.79400
08082012 0.79360
09082012 0.78850
10082012 0.78630
11082012 0.78430
13082012 0.78390
14082012 0.78590
15082012 0.78570
16082012 0.78300
17082012 0.78550
18082012 0.78470
20082012 0.78610
21082012 0.78550
22082012 0.79010
23082012 0.78930
24082012 0.79180
25082012 0.79180
27082012 0.79070
28082012 0.79170
29082012 0.79400
30082012 0.79080
31082012 0.79220
01092012 0.79210
03092012 0.79140
04092012 0.79230
05092012 0.79120
06092012 0.79190
07092012 0.79270
08092012 0.79850
10092012 0.79950
11092012 0.79840
12092012 0.80000
13092012 0.80040
14092012 0.80320
15092012 0.80800
17092012 0.80860
18092012 0.80620
19092012 0.80210
20092012 0.80450
21092012 0.79940
22092012 0.79950
24092012 0.79900
25092012 0.79710
26092012 0.79790
27092012 0.79590
28092012 0.79540
29092012 0.79610
01102012 0.79530
02102012 0.79880
03102012 0.80020
04102012 0.80240
05102012 0.80410
06102012 0.80610
08102012 0.80700
09102012 0.80890
10102012 0.80450
11102012 0.80550
12102012 0.80610
13102012 0.80550
15102012 0.80550
16102012 0.80540
17102012 0.80940
18102012 0.81220
19102012 0.81130
20102012 0.81300
22102012 0.81300
23102012 0.81470
24102012 0.81360
25102012 0.80820
26102012 0.80300
27102012 0.80300
29102012 0.80360
30102012 0.80440
31102012 0.80620
01112012 0.80330
02112012 0.80200
03112012 0.80040
05112012 0.80020
06112012 0.80060
07112012 0.80090
08112012 0.79840
09112012 0.79750
10112012 0.79960
12112012 0.79910
13112012 0.80050
14112012 0.80030
15112012 0.80370
16112012 0.80540
17112012 0.80120
19112012 0.80230
20112012 0.80490
21112012 0.80420
22112012 0.80430
23112012 0.80720
24112012 0.80870
26112012 0.80860
27112012 0.80920
28112012 0.80670
29112012 0.80740
30112012 0.80870
01122012 0.81110
03122012 0.81030
04122012 0.81090
05122012 0.81320
06122012 0.81220
07122012 0.80720
08122012 0.80620
10122012 0.80350
11122012 0.80460
12122012 0.80690
13122012 0.80930
14122012 0.81160
15122012 0.81350
17122012 0.81430
18122012 0.81240
19122012 0.81390
20122012 0.81410
21122012 0.81330
22122012 0.81500
24122012 0.81540
25122012 0.81760
26122012 0.81670
27122012 0.82020
28122012 0.82190
29122012 0.81770
31122012 0.81660
01012013 0.81220
02012013 0.81230
03012013 0.81080
04012013 0.81120
05012013 0.81300
07012013 0.81320
08012013 0.81430
09012013 0.81440
10012013 0.81470
11012013 0.82080
12012013 0.82730
14012013 0.82810
15012013 0.83130
16012013 0.82730
17012013 0.83090
18012013 0.83580
19012013 0.83900
21012013 0.83950
22012013 0.84110
23012013 0.83900
24012013 0.84020
25012013 0.84650
26012013 0.85150
28012013 0.85400
29012013 0.85710
30012013 0.85560
31012013 0.85880
01022013 0.85590
02022013 0.86900
04022013 0.86970
05022013 0.85680
06022013 0.86740
07022013 0.86280
08022013 0.85260
09022013 0.84510
11022013 0.84590
12022013 0.85550
13022013 0.85920
14022013 0.86490
15022013 0.86160
16022013 0.86050
18022013 0.86070
19022013 0.86350
20022013 0.86770
21022013 0.87280
22022013 0.86420
23022013 0.86420
25022013 0.87640
26022013 0.86510
27022013 0.86140
28022013 0.86580
01032013 0.86170
02032013 0.86640
04032013 0.86480
05032013 0.86170
06032013 0.86260
07032013 0.86360
08032013 0.87290
09032013 0.86930
11032013 0.87070
12032013 0.87320
13032013 0.87350
14032013 0.86820
15032013 0.86180
16032013 0.86520
18032013 0.85360
19032013 0.85740
20032013 0.85240
21032013 0.85640
22032013 0.85040
23032013 0.85220
25032013 0.85090
26032013 0.84710
27032013 0.84800
28032013 0.84410
29032013 0.84400
30032013 0.84360
01042013 0.84260
02042013 0.84340
03042013 0.84790
04042013 0.84770
05042013 0.84920
06042013 0.84900
08042013 0.84710
09042013 0.85260
10042013 0.85340
11042013 0.85200
12042013 0.85170
13042013 0.85250
15042013 0.85460
16042013 0.85350
17042013 0.85780
18042013 0.85480
19042013 0.85420
20042013 0.85740
22042013 0.85830
23042013 0.85440
24042013 0.85200
25042013 0.85270
26042013 0.84290
27042013 0.84120
29042013 0.84220
30042013 0.84440
01052013 0.84670
02052013 0.84610
03052013 0.84090
04052013 0.84200
06052013 0.84214
07052013 0.84110
08052013 0.84490
09052013 0.84610
10052013 0.84560
11052013 0.84520
13052013 0.84389
14052013 0.84840
15052013 0.84890
16052013 0.84560
17052013 0.84290
18052013 0.84570
20052013 0.84510
21052013 0.84450
22052013 0.85100
23052013 0.85420
24052013 0.85600
25052013 0.85410
27052013 0.85351
28052013 0.85600
29052013 0.85450
30052013 0.85530
31052013 0.85760
01062013 0.85410
03062013 0.85395
04062013 0.85300
05062013 0.85440
06062013 0.84970
07062013 0.84840
08062013 0.85040
10062013 0.84983
11062013 0.85090
12062013 0.85100
13062013 0.84980
14062013 0.85020
15062013 0.84930
17062013 0.84840
18062013 0.84900
19062013 0.85640
20062013 0.85500
21062013 0.85420
22062013 0.85180
24062013 0.85098
25062013 0.84940
26062013 0.84910
27062013 0.84910
28062013 0.85437
29062013 0.85567
01072013 0.85501
02072013 0.85839
03072013 0.85616
04072013 0.85090
05072013 0.85670
06072013 0.86050
08072013 0.86073
09072013 0.86040
10072013 0.85930
11072013 0.86040
12072013 0.86210
13072013 0.86440
15072013 0.86317
16072013 0.86540
17072013 0.86880
18072013 0.86300
19072013 0.86130
20072013 0.86060
22072013 0.85954
23072013 0.85860
24072013 0.85960
25072013 0.86150
26072013 0.86220
27072013 0.86310
29072013 0.86328
30072013 0.86370
31072013 0.86970
01082013 0.87470
02082013 0.87320
03082013 0.86890
05082013 0.86840
06082013 0.86350
07082013 0.86560
08082013 0.86040
09082013 0.86080
10082013 0.86010
12082013 0.85970
13082013 0.85990
14082013 0.85810
15082013 0.85410
16082013 0.85300
17082013 0.85220
19082013 0.85350
20082013 0.85200
21082013 0.85590
22082013 0.85200
23082013 0.85650
24082013 0.85950
26082013 0.85960
27082013 0.85850
28082013 0.86170
29082013 0.85880
30082013 0.85410
31082013 0.85290
02092013 0.85060
03092013 0.84860
04092013 0.84609
05092013 0.84508
06092013 0.84148
07092013 0.84286
09092013 0.84251
10092013 0.84461
11092013 0.84326
12092013 0.84144
13092013 0.84131
14092013 0.83796
16092013 0.83838
17092013 0.83874
18092013 0.83979
19092013 0.83832
20092013 0.84374
21092013 0.84430
23092013 0.84586
24092013 0.84080
25092013 0.84184
26092013 0.84105
27092013 0.84074
28092013 0.83756
30092013 0.83567
01102013 0.83556
02102013 0.83515
03102013 0.83702
04102013 0.84289
05102013 0.84601
07102013 0.84651
08102013 0.84375
09102013 0.84414
10102013 0.84745
11102013 0.84668
12102013 0.84916
14102013 0.84890
15102013 0.84830
16102013 0.84507
17102013 0.84848
18102013 0.84618
19102013 0.84642
21102013 0.84612
22102013 0.84724
23102013 0.84890
24102013 0.85213
25102013 0.85172
26102013 0.85336
28102013 0.85356
29102013 0.85435
30102013 0.85660
31102013 0.85641
01112013 0.84683
02112013 0.84714
04112013 0.84701
05112013 0.84642
06112013 0.83955
07112013 0.84073
08112013 0.83462
09112013 0.83463
11112013 0.83413
12112013 0.83845
13112013 0.84488
14112013 0.84017
15112013 0.83792
16112013 0.83725
18112013 0.83685
19112013 0.83858
20112013 0.83949
21112013 0.83387
22112013 0.83283
23112013 0.83605
25112013 0.83495
26112013 0.83691
27112013 0.83694
28112013 0.83389
29112013 0.83234
30112013 0.83006
02122013 0.82946
03122013 0.82813
04122013 0.82862
05122013 0.82973
06122013 0.83688
07122013 0.83794
09122013 0.83878
10122013 0.83632
11122013 0.83680
16122013 0.84423
17122013 0.84436
18122013 0.84644
19122013 0.83724
20122013 0.83411
21122013 0.83702
23122013 0.83651
24122013 0.83741
26122013 0.83635
27122013 0.83382
28122013 0.83439
30122013 0.83441
31122013 0.83540
01012014 0.83012
02012014 0.82984
03012014 0.83126
04012014 0.82803
06012014 0.82877
07012014 0.83114
08012014 0.82996
09012014 0.82556
10012014 0.82511
11012014 0.82917
13012014 0.82963
14012014 0.83429
15012014 0.83189
16012014 0.83091
17012014 0.83221
18012014 0.82399
20012014 0.82412
21012014 0.82548
22012014 0.82284
23012014 0.81723
24012014 0.82352
25012014 0.82852
27012014 0.82975
28012014 0.82455
29012014 0.82424
30012014 0.82426
31012014 0.82234
01022014 0.82042
03022014 0.82065
04022014 0.82977
05022014 0.82815
06022014 0.82965
07022014 0.83247
08022014 0.83043
10022014 0.82984
11022014 0.83153
12022014 0.82904
13022014 0.81911
14022014 0.82104
15022014 0.81825
17022014 0.81753
18022014 0.82042
19022014 0.82463
20022014 0.82307
21022014 0.82346
22022014 0.82568
24022014 0.82563
25022014 0.82422
26022014 0.82398
06032014 0.82169
07032014 0.82795
11032014 0.83240
12032014 0.83408
13032014 0.83685
14032014 0.83422
15032014 0.83597
17032014 0.83524
18032014 0.83694
19032014 0.83979
20032014 0.83648
21032014 0.83487
22032014 0.83645
24032014 0.83740
25032014 0.83866
26032014 0.83635
27032014 0.83138
28032014 0.82720
29032014 0.82645
31032014 0.82661
01042014 0.82630
02042014 0.82936
03042014 0.82783
04042014 0.82665
05042014 0.82659
07042014 0.82615
08042014 0.82737
09042014 0.82385
10042014 0.82515
11042014 0.82746
12042014 0.82951
14042014 0.82780
15042014 0.82598
16042014 0.82578
17042014 0.82240
18042014 0.82271
19042014 0.82259
21042014 0.82222
22042014 0.82132
23042014 0.82000
24042014 0.82360
25042014 0.82300
26042014 0.82360
28042014 0.82380
29042014 0.82410
30042014 0.82050
01052014 0.82130
02052014 0.82070
03052014 0.82220
05052014 0.82220
06052014 0.82260
07052014 0.82043
08052014 0.82062
09052014 0.81769
10052014 0.81630
12052014 0.81639
19052014 0.81420
20052014 0.81503
21052014 0.81354
22052014 0.80972
23052014 0.80961
24052014 0.81008
26052014 0.80875
27052014 0.81012
28052014 0.81124
29052014 0.81331
30052014 0.81362
31052014 0.81317
02062014 0.81308
03062014 0.81181
04062014 0.81339
05062014 0.81237
06062014 0.81243
07062014 0.81191
09062014 0.81181
10062014 0.80911
11062014 0.80852
12062014 0.80577
13062014 0.80575
14062014 0.79775
16062014 0.79747
17062014 0.79916
18062014 0.79841
19062014 0.79963
20062014 0.79849
21062014 0.79909
23062014 0.79872
24062014 0.79888
25062014 0.80092
26062014 0.80265
27062014 0.79924
28062014 0.80090
30062014 0.80085
01072014 0.80003
02072014 0.79744
03072014 0.79548
04072014 0.79335
05072014 0.79225
07072014 0.79197
08072014 0.79421
09072014 0.79447
10072014 0.79520
11072014 0.79400
12072014 0.79486
14072014 0.79407
15072014 0.79739
16072014 0.79126
17072014 0.78916
18072014 0.79076
19072014 0.79154
21072014 0.79142
22072014 0.79177
23072014 0.78929
24072014 0.79010
25072014 0.79258
26072014 0.79112
28072014 0.79090
29072014 0.79095
30072014 0.79149
31072014 0.79195
01082014 0.79312
02082014 0.79808
04082014 0.79776
05082014 0.79613
06082014 0.79233
07082014 0.79412
08082014 0.79376
09082014 0.79939
