04082010 113.560
05082010 113.550
06082010 113.200
07082010 113.510
09082010 113.460
10082010 113.590
11082010 112.530
12082010 109.990
13082010 110.160
14082010 110.030
16082010 109.990
17082010 109.380
18082010 110.110
19082010 109.900
20082010 109.370
21082010 108.830
23082010 108.710
24082010 107.900
25082010 106.650
26082010 107.120
27082010 107.420
28082010 108.580
30082010 108.850
31082010 107.060
01092010 106.480
02092010 108.060
03092010 108.020
04092010 108.860
06092010 108.470
07092010 108.400
08092010 106.550
09092010 106.690
10092010 106.490
11092010 106.970
13092010 107.130
14092010 107.700
15092010 108.090
16092010 111.350
17092010 112.250
18092010 111.880
20092010 111.990
21092010 112.010
22092010 112.620
23092010 113.210
24092010 112.320
25092010 113.680
27092010 113.570
28092010 113.460
29092010 113.970
30092010 113.990
01102010 113.810
02102010 114.780
04102010 114.920
05102010 114.180
06102010 115.120
07102010 115.540
08102010 114.640
09102010 114.320
11102010 114.570
12102010 113.930
13102010 113.870
14102010 114.080
15102010 114.650
16102010 113.770
18102010 113.850
19102010 113.580
20102010 111.970
21102010 113.240
22102010 113.250
23102010 113.310
25102010 113.530
26102010 112.860
27102010 112.890
28102010 112.470
29102010 112.870
30102010 111.970
01112010 112.130
02112010 111.830
03112010 113.160
04112010 114.610
05112010 114.570
08112010 114.160
09112010 112.980
10112010 112.760
11112010 113.410
12112010 112.670
15112010 113.060
16112010 112.870
17112010 112.320
18112010 112.600
19112010 113.800
22112010 114.530
23112010 113.460
24112010 111.190
25112010 111.390
26112010 111.600
29112010 111.590
30112010 110.520
01122010 108.620
02122010 110.600
03122010 110.910
06122010 110.560
07122010 110.050
08122010 110.840
09122010 111.430
10122010 110.850
13122010 110.870
14122010 111.740
15122010 112.010
16122010 111.390
17122010 111.200
20122010 110.680
21122010 109.940
22122010 109.660
23122010 109.420
24122010 108.810
27122010 108.580
28122010 108.980
29122010 108.160
30122010 107.920
31122010 108.380
03012011 108.410
04012011 109.130
05012011 109.080
06012011 109.530
07012011 108.410
10012011 107.090
11012011 107.130
12012011 107.950
13012011 108.910
14012011 110.500
17012011 110.770
18012011 109.880
19012011 110.560
20012011 110.470
21012011 111.830
24012011 112.550
25012011 112.520
26012011 112.510
27012011 112.620
28012011 113.620
02022011 112.550
03022011 112.590
04022011 111.180
07022011 111.410
08022011 111.800
09022011 112.230
10022011 113.070
11022011 113.190
14022011 112.720
15022011 112.270
16022011 112.970
17022011 113.420
18022011 113.330
21022011 113.830
22022011 113.640
23022011 112.950
24022011 113.360
25022011 112.970
28022011 112.350
01032011 112.850
02032011 112.780
03032011 113.500
04032011 114.970
07032011 115.100
08032011 114.900
09032011 114.870
10032011 114.960
11032011 114.330
14032011 114.030
15032011 114.170
16032011 112.960
17032011 110.340
18032011 110.550
21032011 114.820
22032011 115.210
23032011 114.880
24032011 113.930
25032011 114.730
28032011 114.350
29032011 115.130
30032011 116.210
31032011 117.000
01042011 117.790
02042011 119.570
04042011 119.760
05042011 119.430
06042011 120.630
07042011 122.400
08042011 121.410
09042011 122.620
11042011 122.740
12042011 122.060
13042011 121.180
14042011 121.000
15042011 120.270
16042011 119.810
18042011 119.900
19042011 117.660
20042011 118.250
21042011 119.490
22042011 119.060
23042011 119.120
25042011 119.110
26042011 119.050
27042011 119.340
28042011 121.300
29042011 120.800
30042011 120.110
02052011 120.120
03052011 120.460
04052011 120.030
05052011 119.430
06052011 116.390
10052011 117.100
11052011 116.330
12052011 115.030
13052011 115.130
14052011 113.960
16052011 113.900
17052011 114.470
18052011 115.680
19052011 116.250
20052011 116.630
21052011 115.620
23052011 115.230
24052011 115.160
25052011 115.520
26052011 115.130
27052011 114.970
28052011 115.470
30052011 115.610
31052011 115.530
01062011 117.270
02062011 115.970
03062011 117.210
04062011 117.350
06062011 117.190
07062011 116.690
08062011 117.410
09062011 116.400
10062011 116.440
11062011 115.120
13062011 115.020
14062011 115.540
16062011 115.860
17062011 114.320
18062011 114.450
20062011 114.400
21062011 114.770
22062011 115.440
23062011 115.250
24062011 114.850
27062011 113.960
28062011 115.460
29062011 116.480
30062011 116.620
01072011 116.720
02072011 117.360
04072011 117.440
05072011 117.370
06072011 116.860
07072011 115.780
08072011 116.560
11072011 114.390
12072011 112.560
13072011 110.980
14072011 111.690
15072011 111.850
16072011 111.870
18072011 111.640
19072011 111.570
20072011 112.020
21072011 112.020
22072011 112.770
23072011 112.690
25072011 112.670
26072011 112.550
27072011 113.080
28072011 112.080
29072011 111.260
30072011 110.590
01082011 110.950
02082011 109.960
03082011 109.550
04082011 110.200
05082011 111.680
06082011 112.010
08082011 111.540
09082011 110.460
10082011 110.270
11082011 108.990
12082011 109.340
13082011 109.450
15082011 109.670
16082011 110.890
17082011 110.570
18082011 110.440
19082011 109.760
20082011 110.110
22082011 110.280
23082011 110.280
24082011 110.740
25082011 111.000
26082011 111.440
27082011 111.150
29082011 111.260
30082011 111.470
31082011 110.800
01092011 110.020
02092011 109.610
03092011 109.040
05092011 108.910
06092011 108.360
07092011 108.770
08092011 108.970
09092011 107.600
10092011 105.870
12092011 105.260
13092011 105.600
14092011 105.250
15092011 105.390
16092011 106.410
17092011 105.980
19092011 105.880
20092011 104.770
21092011 104.410
22092011 104.230
23092011 102.750
24092011 103.490
26092011 103.360
27092011 103.310
28092011 104.380
29092011 103.750
30092011 104.320
01102011 103.310
03102011 102.880
04102011 101.180
05102011 102.440
06102011 102.410
07102011 103.030
08102011 102.880
10102011 102.790
11102011 104.640
12102011 104.830
13102011 106.610
14102011 105.970
15102011 107.180
17102011 106.880
18102011 105.640
19102011 105.720
20102011 105.600
21102011 105.900
22102011 105.770
24102011 105.510
25102011 105.920
26102011 105.600
27102011 106.000
28102011 107.690
29102011 107.240
31102011 106.940
01112011 108.260
02112011 107.350
03112011 107.290
04112011 107.910
07112011 108.000
08112011 107.560
09112011 107.510
10112011 105.460
11112011 105.640
14112011 106.700
15112011 105.040
16112011 104.310
17112011 103.740
18112011 103.580
19112011 104.010
21112011 103.620
22112011 103.840
23112011 103.970
24112011 103.060
25112011 102.850
26112011 102.850
28112011 103.380
29112011 103.780
30112011 103.860
01122011 104.230
02122011 104.680
03122011 104.610
05122011 104.720
06122011 104.220
07122011 104.210
08122011 104.020
09122011 103.590
10122011 103.660
12122011 103.840
13122011 102.720
14122011 101.660
15122011 101.300
16122011 101.370
17122011 101.420
19122011 101.440
20122011 101.470
21122011 101.810
22122011 101.860
23122011 101.960
24122011 101.770
26122011 101.780
27122011 101.830
28122011 101.610
29122011 100.840
30122011 100.460
31122011 99.610
02012012 99.520
03012012 99.390
04012012 100.110
05012012 99.290
06012012 98.680
07012012 97.980
09012012 97.530
10012012 98.060
11012012 98.240
12012012 97.600
13012012 98.460
14012012 97.480
16012012 97.300
17012012 97.190
18012012 97.730
19012012 98.610
20012012 99.810
21012012 99.480
23012012 99.000
24012012 100.210
25012012 101.210
26012012 101.790
27012012 101.520
28012012 101.320
30012012 101.420
31012012 100.110
01022012 99.680
02022012 100.280
03022012 100.080
04022012 100.700
06022012 100.440
07022012 100.510
08022012 101.700
09022012 102.040
10022012 103.190
11022012 102.190
13022012 102.440
14022012 102.470
15022012 102.750
16022012 102.430
17022012 103.680
18022012 104.560
20022012 105.050
21022012 105.340
22022012 105.540
23022012 106.240
24022012 106.780
25022012 108.980
27022012 108.900
28022012 107.780
29022012 108.400
01032012 108.250
02032012 107.950
03032012 108.010
05032012 107.870
06032012 107.720
07032012 105.860
08032012 106.790
09032012 108.280
10032012 108.220
12032012 108.100
13032012 108.130
14032012 108.490
15032012 109.090
16032012 109.220
17032012 109.790
19032012 109.870
20032012 110.280
21032012 110.700
22032012 110.160
23032012 108.850
24032012 109.340
26032012 109.200
27032012 110.600
28032012 110.770
29032012 110.340
30032012 109.610
31032012 110.400
02042012 110.770
03042012 109.350
04042012 109.560
05042012 108.320
06042012 107.660
07042012 106.790
09042012 106.780
10042012 107.030
11042012 105.500
12042012 106.020
13042012 106.640
14042012 105.930
16042012 105.640
17042012 105.660
18042012 106.190
19042012 106.570
20042012 107.140
21042012 107.720
23042012 107.450
24042012 106.730
25042012 107.210
26042012 107.520
27042012 107.170
28042012 106.390
30042012 106.240
01052012 105.680
02052012 106.130
03052012 105.420
04052012 105.430
05052012 104.500
07052012 103.880
08052012 104.330
09052012 103.890
10052012 103.080
11052012 103.480
12052012 103.270
14052012 103.170
15052012 102.510
16052012 102.160
17052012 102.050
18052012 100.660
19052012 101.000
21052012 100.990
22052012 101.620
23052012 101.410
24052012 100.140
25052012 99.760
26052012 99.660
28052012 100.210
29052012 99.660
30052012 99.390
31052012 97.820
01062012 96.870
02062012 96.920
04062012 96.960
05062012 97.790
06062012 97.960
07062012 99.280
08062012 100.240
09062012 99.320
11062012 100.610
12062012 99.320
13062012 99.250
14062012 99.880
15062012 99.870
16062012 99.440
18062012 100.030
19062012 99.410
20062012 100.450
21062012 101.040
22062012 100.750
23062012 101.040
25062012 100.900
26062012 99.480
27062012 99.220
28062012 99.330
29062012 98.590
30062012 101.070
02072012 101.180
03072012 99.880
04072012 100.680
05072012 100.050
06072012 98.940
07072012 97.840
09072012 97.590
10072012 98.030
11072012 97.350
12072012 97.630
13072012 96.710
14072012 96.900
16072012 97.230
17072012 96.720
18072012 96.990
19072012 96.620
20072012 96.360
21072012 95.440
23072012 95.070
24072012 95.070
25072012 94.240
26072012 94.940
27072012 96.090
28072012 96.840
30072012 96.470
31072012 95.780
01082012 96.160
02082012 96.030
03082012 95.150
04082012 97.210
06082012 97.430
07082012 96.890
08082012 97.720
09082012 96.910
10082012 96.490
11082012 96.160
13082012 96.130
14082012 96.590
15082012 97.100
16082012 96.910
17082012 98.110
18082012 97.950
20082012 98.250
21082012 97.940
22082012 98.910
23082012 98.710
24082012 98.610
25082012 98.570
27082012 98.450
28082012 98.440
29082012 98.600
30082012 98.630
31082012 98.180
01092012 98.400
03092012 98.470
04092012 98.570
05092012 98.500
06092012 98.730
07092012 99.720
08092012 100.010
10092012 100.230
11092012 100.000
12092012 100.030
13092012 100.440
14092012 100.360
15092012 102.640
17092012 102.760
18092012 103.170
19092012 102.540
20092012 102.200
21092012 101.340
22092012 101.540
24092012 101.410
25092012 100.590
26092012 100.760
27092012 99.920
28092012 100.250
29092012 100.420
01102012 100.150
02102012 100.610
03102012 100.950
04102012 101.280
05102012 102.060
06102012 102.510
08102012 102.430
09102012 101.520
10102012 100.610
11102012 100.760
12102012 101.260
13102012 101.510
15102012 101.360
16102012 101.920
17102012 102.900
18102012 103.500
19102012 103.490
20102012 103.210
22102012 103.210
23102012 104.150
24102012 103.520
25102012 103.370
26102012 103.910
27102012 103.020
29102012 103.000
30102012 102.970
31102012 103.170
01112012 103.330
02112012 103.700
03112012 103.110
05112012 103.080
06112012 102.600
07112012 103.010
08112012 102.000
09112012 101.280
10112012 100.990
12112012 100.970
13112012 100.970
14112012 100.900
15112012 102.220
16112012 103.730
17112012 103.540
19112012 103.670
20112012 103.930
21112012 104.560
22112012 105.770
23112012 106.020
24112012 106.910
26112012 106.630
27112012 106.460
28112012 106.350
29112012 105.890
30112012 106.520
01122012 107.240
03122012 106.820
04122012 107.310
05122012 107.190
06122012 107.710
07122012 106.670
08122012 106.460
10122012 106.210
11122012 106.520
12122012 107.300
13122012 108.830
14122012 109.230
15122012 109.830
17122012 111.010
18122012 110.270
19122012 111.310
20122012 111.810
21122012 111.800
22122012 110.880
24122012 111.130
25122012 111.850
26122012 111.580
27122012 113.180
28122012 113.750
29122012 113.730
31122012 113.260
01012013 114.240
02012013 114.490
03012013 114.690
04012013 114.120
05012013 115.130
07012013 115.220
08012013 114.950
09012013 114.080
10012013 114.630
11012013 116.930
12012013 118.990
14012013 119.280
15012013 119.400
16012013 117.840
17012013 117.790
18012013 120.240
19012013 119.910
21012013 119.920
22012013 119.480
23012013 118.080
24012013 117.940
25012013 120.170
26012013 122.570
28012013 122.510
29012013 122.070
30012013 122.280
31012013 123.560
01022013 123.990
02022013 126.420
04022013 126.600
05022013 124.770
06022013 126.740
07022013 126.140
08022013 125.200
09022013 124.020
11022013 124.000
12022013 125.350
13022013 125.740
14022013 125.740
15022013 124.130
16022013 124.890
18022013 125.050
19022013 125.450
20022013 124.970
21022013 124.940
22022013 122.570
23022013 123.180
25022013 124.850
26022013 121.930
27022013 119.790
28022013 120.380
01032013 121.280
02032013 121.740
04032013 121.740
05032013 121.410
06032013 121.730
07032013 121.950
08032013 124.530
09032013 124.450
11032013 124.630
12032013 125.510
13032013 124.920
14032013 124.460
15032013 124.850
16032013 124.590
18032013 121.700
19032013 123.570
20032013 122.410
21032013 124.110
22032013 122.530
23032013 122.590
25032013 122.200
26032013 120.980
27032013 121.470
28032013 120.550
29032013 120.680
30032013 120.770
01042013 120.740
02042013 119.920
03042013 119.720
04042013 119.170
05042013 124.270
06042013 126.690
08042013 127.380
09042013 129.030
10042013 129.840
11042013 130.160
12042013 130.950
13042013 129.600
15042013 128.770
16042013 127.660
17042013 128.790
18042013 127.210
19042013 128.180
20042013 129.680
22042013 130.510
23042013 129.510
24042013 129.220
25042013 129.380
26042013 129.290
27042013 127.770
29042013 127.800
30042013 128.270
01052013 128.330
02052013 128.180
03052013 128.070
04052013 129.900
06052013 130.126
07052013 130.000
08052013 129.600
09052013 130.140
10052013 131.560
11052013 131.820
13052013 132.123
14052013 132.230
15052013 132.340
16052013 131.670
17052013 131.630
18052013 132.220
20052013 131.966
21052013 131.760
22052013 132.340
23052013 132.920
24052013 131.620
25052013 130.410
27052013 130.638
28052013 130.670
29052013 131.310
30052013 130.640
31052013 131.720
01062013 130.750
03062013 130.480
04062013 129.750
05062013 130.710
06062013 129.910
07062013 128.470
08062013 128.980
10062013 129.049
11062013 130.780
12062013 127.340
13062013 127.730
14062013 126.320
15062013 125.550
17062013 125.663
18062013 126.620
19062013 127.630
20062013 127.610
21062013 129.560
22062013 128.310
24062013 128.145
25062013 128.160
26062013 127.930
27062013 127.010
28062013 128.152
29062013 129.095
01072013 129.081
02072013 130.102
03072013 130.580
04072013 129.970
05072013 129.220
06072013 129.670
08072013 129.710
09072013 129.760
10072013 128.900
11072013 128.980
12072013 129.530
13072013 129.780
15072013 129.941
16072013 130.460
17072013 130.340
18072013 130.720
19072013 131.790
20072013 131.770
22072013 131.882
23072013 131.270
24072013 131.560
25072013 132.230
26072013 131.800
27072013 130.250
29072013 130.221
30072013 129.600
31072013 129.900
01082013 130.570
02082013 131.420
03082013 131.430
05082013 131.420
06082013 130.630
07082013 129.970
08082013 128.750
09082013 129.000
10082013 128.610
12082013 128.300
13082013 128.420
14082013 130.240
15082013 130.050
16082013 129.980
17082013 130.030
19082013 130.170
20082013 130.330
21082013 130.480
22082013 130.510
23082013 131.800
24082013 132.140
26082013 131.940
27082013 131.880
28082013 129.980
29082013 130.280
30082013 130.040
31082013 129.630
02092013 130.030
03092013 131.020
04092013 131.382
05092013 131.608
06092013 131.352
07092013 130.515
09092013 131.258
10092013 132.026
11092013 133.087
12092013 132.942
13092013 132.233
14092013 132.004
16092013 131.977
17092013 132.212
18092013 132.430
19092013 132.446
20092013 134.456
21092013 134.326
23092013 134.357
24092013 133.266
25092013 133.036
26092013 133.161
27092013 133.329
28092013 132.825
30092013 131.877
01102013 132.966
02102013 132.398
03102013 132.306
04102013 132.518
05102013 132.074
07102013 131.906
08102013 131.511
09102013 131.521
10102013 131.639
11102013 132.838
12102013 133.538
14102013 133.324
15102013 133.708
16102013 132.861
17102013 133.671
18102013 133.890
19102013 133.897
21102013 133.881
22102013 134.339
23102013 135.213
24102013 134.139
25102013 134.262
26102013 134.465
28102013 134.942
29102013 134.716
30102013 134.918
31102013 135.423
01112013 133.499
02112013 133.225
04112013 133.155
05112013 133.198
06112013 132.828
07112013 133.429
08112013 131.456
09112013 132.414
11112013 132.377
12112013 133.027
13112013 133.821
14112013 133.771
15112013 134.610
16112013 135.197
18112013 135.158
19112013 135.079
20112013 135.569
21112013 134.312
22112013 136.087
23112013 137.290
25112013 137.293
26112013 137.376
27112013 137.417
28112013 138.610
29112013 139.109
30112013 139.115
02122013 139.140
03122013 139.569
04122013 139.108
05122013 138.806
06122013 139.062
07122013 140.937
09122013 141.303
10122013 141.823
11122013 141.385
16122013 142.017
17122013 141.765
18122013 141.338
19122013 142.416
20122013 142.243
21122013 142.255
23122013 142.178
24122013 142.506
26122013 142.761
27122013 143.378
28122013 144.395
30122013 144.679
31122013 145.045
01012014 144.770
02012014 145.044
03012014 142.940
04012014 142.315
06012014 142.522
07012014 142.167
08012014 142.283
09012014 142.353
10012014 142.371
11012014 142.123
13012014 142.231
14012014 140.651
15012014 142.469
16012014 142.264
17012014 142.028
18012014 141.133
20012014 141.029
21012014 141.302
22012014 141.383
23012014 141.443
24012014 141.290
25012014 139.919
27012014 139.305
28012014 140.399
29012014 140.555
30012014 139.384
31012014 139.181
01022014 137.965
03022014 137.705
04022014 136.457
05022014 137.337
06022014 137.124
07022014 138.743
08022014 139.422
10022014 139.583
11022014 139.415
12022014 139.957
13022014 139.291
14022014 139.886
15022014 139.542
17022014 139.373
18022014 139.678
19022014 140.757
20022014 140.657
21022014 140.353
22022014 140.901
24022014 140.814
25022014 140.785
26022014 140.395
06032014 141.024
07032014 142.819
11032014 143.012
12032014 142.705
13032014 142.835
14032014 140.830
15032014 140.895
17032014 140.827
18032014 141.654
19032014 141.267
20032014 141.769
21032014 141.126
22032014 140.902
24032014 140.969
25032014 141.401
26032014 141.382
27032014 140.659
28032014 140.381
29032014 141.403
31032014 141.618
01042014 142.195
02042014 143.032
03042014 142.943
04042014 142.504
05042014 141.499
07042014 141.448
08042014 141.665
09042014 140.318
10042014 141.256
11042014 140.844
12042014 141.093
14042014 140.833
15042014 140.632
16042014 140.638
17042014 141.332
18042014 141.488
19042014 141.468
21042014 141.467
22042014 141.530
23042014 141.610
24042014 141.310
25042014 141.350
26042014 141.360
28042014 141.460
29042014 141.750
30042014 141.630
01052014 141.590
02052014 141.780
03052014 141.840
05052014 141.820
06052014 141.680
07052014 141.555
08052014 141.781
09052014 140.652
10052014 140.042
12052014 140.095
19052014 139.030
20052014 139.010
21052014 138.764
22052014 138.783
23052014 138.948
24052014 138.990
26052014 138.843
27052014 139.078
28052014 139.058
29052014 138.459
30052014 138.419
31052014 138.758
02062014 138.857
03062014 139.255
04062014 139.666
05062014 139.699
06062014 139.876
07062014 139.905
09062014 139.815
10062014 139.334
11062014 138.609
12062014 138.030
13062014 137.888
14062014 138.087
16062014 138.148
17062014 138.206
18062014 138.312
19062014 138.502
20062014 138.700
21062014 138.795
23062014 138.750
24062014 138.753
25062014 138.653
26062014 138.840
27062014 138.422
28062014 138.393
30062014 138.315
01072014 138.723
02072014 138.889
03072014 138.975
04072014 139.060
05072014 138.736
07072014 138.764
08072014 138.584
09072014 138.215
10072014 138.618
11072014 137.863
12072014 137.880
14072014 137.859
15072014 138.308
16072014 137.947
17072014 137.561
18072014 136.908
19072014 137.075
21072014 137.081
22072014 137.104
23072014 136.627
24072014 136.659
25072014 137.045
26072014 136.777
28072014 136.703
29072014 136.826
30072014 136.908
31072014 137.766
01082014 137.731
02082014 137.701
04082014 137.711
05082014 137.649
06082014 137.190
07082014 136.526
08082014 136.336
09082014 136.906
