06122010 1.74875
08122010 1.74995
09122010 1.77346
10122010 1.76718
13122010 1.76644
14122010 1.78125
15122010 1.77907
16122010 1.78627
17122010 1.78722
20122010 1.79005
21122010 1.76841
22122010 1.76038
23122010 1.76874
24122010 1.75423
27122010 1.75303
28122010 1.75504
29122010 1.73721
30122010 1.72198
31122010 1.72354
03012011 1.71764
04012011 1.72691
05012011 1.73555
06012011 1.73756
11072011 1.69875
12072011 1.69259
13072011 1.70709
14072011 1.69159
15072011 1.68045
16072011 1.67090
18072011 1.66840
19072011 1.67237
20072011 1.65201
21072011 1.66127
22072011 1.66713
23072011 1.66178
25072011 1.66259
26072011 1.66158
27072011 1.66483
28072011 1.65298
29072011 1.64550
30072011 1.63432
01082011 1.63368
02082011 1.62567
03082011 1.63850
04082011 1.66011
05082011 1.68834
06082011 1.69213
08082011 1.72743
09082011 1.72166
10082011 1.70709
11082011 1.75432
12082011 1.71279
13082011 1.71138
15082011 1.70882
16082011 1.73387
17082011 1.72349
18082011 1.72287
19082011 1.74595
20082011 1.75877
22082011 1.75379
23082011 1.74218
24082011 1.72910
25082011 1.74124
26082011 1.73980
27082011 1.72492
29082011 1.72187
30082011 1.71666
31082011 1.69124
01092011 1.68518
02092011 1.67694
03092011 1.67637
05092011 1.67571
06092011 1.69363
07092011 1.70380
08092011 1.69801
09092011 1.67030
10092011 1.66366
12092011 1.65206
13092011 1.66167
14092011 1.65991
15092011 1.67521
16092011 1.68644
17092011 1.66214
19092011 1.65895
20092011 1.65735
21092011 1.66342
22092011 1.69820
23092011 1.72228
24092011 1.74450
26092011 1.74213
27092011 1.73251
28092011 1.72587
29092011 1.74313
30092011 1.76154
01102011 1.75672
03102011 1.74982
04102011 1.75300
05102011 1.75071
06102011 1.74111
07102011 1.74141
08102011 1.73786
10102011 1.74043
11102011 1.74041
12102011 1.74712
13102011 1.73256
14102011 1.73272
15102011 1.72389
17102011 1.72731
18102011 1.73497
19102011 1.73064
20102011 1.73737
21102011 1.73544
22102011 1.73031
24102011 1.72581
25102011 1.72149
26102011 1.74189
27102011 1.73969
28102011 1.72559
29102011 1.72072
31102011 1.72332
01112011 1.71756
02112011 1.72233
03112011 1.73663
04112011 1.73710
07112011 1.73223
08112011 1.72828
09112011 1.73242
10112011 1.73313
11112011 1.75179
14112011 1.74897
15112011 1.74978
16112011 1.75259
17112011 1.75909
18112011 1.77409
22112011 1.80619
23112011 1.80738
24112011 1.80204
25112011 1.79900
26112011 1.78980
28112011 1.77486
29112011 1.76362
30112011 1.74881
01122011 1.72337
02122011 1.72619
03122011 1.72143
05122011 1.71805
06122011 1.71698
07122011 1.71677
08122011 1.71985
09122011 1.72368
10122011 1.72395
12122011 1.72681
13122011 1.72885
14122011 1.71746
15122011 1.72897
16122011 1.72730
17122011 1.71070
19122011 1.70611
20122011 1.71865
21122011 1.70120
22122011 1.69744
23122011 1.68712
24122011 1.68504
26122011 1.67960
27122011 1.68708
28122011 1.68911
29122011 1.68155
30122011 1.67779
31122011 1.66292
02012012 1.65774
03012012 1.65743
04012012 1.65119
05012012 1.64258
06012012 1.63599
07012012 1.62709
09012012 1.62766
10012012 1.62020
11012012 1.61019
12012012 1.59495
13012012 1.61515
14012012 1.59791
16012012 1.59271
17012012 1.59403
18012012 1.59164
19012012 1.59025
20012012 1.61253
21012012 1.60376
23012012 1.59939
24012012 1.60660
25012012 1.60604
26012012 1.60658
27012012 1.59941
28012012 1.60226
30012012 1.60535
31012012 1.60042
01022012 1.58597
02022012 1.58091
03022012 1.57611
04022012 1.57143
06022012 1.57161
07022012 1.57355
08022012 1.58616
09022012 1.58715
10022012 1.59306
11022012 1.59089
13022012 1.59289
14022012 1.58051
15022012 1.58054
16022012 1.56726
17022012 1.57724
18022012 1.57625
20022012 1.57164
21022012 1.57819
22022012 1.58810
23022012 1.59654
24022012 1.59921
25022012 1.60884
27022012 1.61175
28022012 1.59530
29022012 1.60774
01032012 1.59242
02032012 1.58790
03032012 1.59242
05032012 1.58712
06032012 1.61103
07032012 1.61667
08032012 1.60353
09032012 1.60666
10032012 1.59502
12032012 1.60033
13032012 1.60772
14032012 1.59146
15032012 1.61110
16032012 1.59565
17032012 1.59788
19032012 1.59580
20032012 1.60219
21032012 1.61886
22032012 1.62105
23032012 1.63130
24032012 1.62112
26032012 1.61729
27032012 1.62394
28032012 1.62286
29032012 1.62921
30032012 1.62748
31032012 1.62810
02042012 1.62755
03042012 1.61796
04042012 1.61589
05042012 1.61321
06042012 1.60059
07042012 1.59686
09042012 1.59894
10042012 1.59322
11042012 1.60597
12042012 1.60340
13042012 1.59521
14042012 1.58643
16042012 1.58304
17042012 1.60129
18042012 1.59740
19042012 1.60937
20042012 1.61293
21042012 1.61514
23042012 1.61161
24042012 1.61653
25042012 1.62458
26042012 1.62349
27042012 1.62323
28042012 1.60930
30042012 1.60899
01052012 1.61855
02052012 1.62304
03052012 1.62232
04052012 1.64434
05052012 1.64532
07052012 1.64081
08052012 1.64280
09052012 1.65223
10052012 1.64952
11052012 1.64738
12052012 1.64819
14052012 1.64769
15052012 1.65034
16052012 1.65603
17052012 1.66438
18052012 1.66303
19052012 1.69407
21052012 1.68397
22052012 1.67520
23052012 1.67955
24052012 1.67536
25052012 1.66538
26052012 1.65854
28052012 1.65401
29052012 1.64789
30052012 1.63951
31052012 1.64090
01062012 1.64012
02062012 1.64777
04062012 1.64460
05062012 1.65008
06062012 1.64642
07062012 1.63367
08062012 1.63587
09062012 1.62089
11062012 1.62541
12062012 1.62301
13062012 1.60980
14062012 1.62239
15062012 1.61481
16062012 1.60330
18062012 1.60425
19062012 1.58716
20062012 1.58941
21062012 1.59713
22062012 1.59670
23062012 1.58748
25062012 1.58659
26062012 1.58777
27062012 1.57854
28062012 1.57445
29062012 1.57971
30062012 1.58047
02072012 1.58200
03072012 1.56456
04072012 1.56790
05072012 1.55915
06072012 1.54157
07072012 1.53833
09072012 1.53707
10072012 1.54606
11072012 1.54401
12072012 1.53700
13072012 1.54386
14072012 1.53999
16072012 1.53822
17072012 1.53894
18072012 1.54001
19072012 1.53642
20072012 1.52854
21072012 1.52164
23072012 1.51926
24072012 1.53747
25072012 1.53441
26072012 1.54048
27072012 1.53076
28072012 1.51986
30072012 1.51705
31072012 1.51590
01082012 1.51969
02082012 1.51437
03082012 1.50495
04082012 1.51200
06082012 1.51296
07082012 1.51135
08082012 1.52137
09082012 1.51583
10082012 1.51473
11082012 1.51113
13082012 1.51309
14082012 1.52598
15082012 1.53121
16082012 1.52219
17082012 1.52473
18082012 1.52745
20082012 1.52812
21082012 1.52612
22082012 1.53824
23082012 1.53984
24082012 1.54503
25082012 1.54286
27082012 1.54007
28082012 1.54566
29082012 1.56195
30082012 1.56399
31082012 1.56706
01092012 1.56550
03092012 1.57005
04092012 1.57893
05092012 1.58201
06092012 1.58540
07092012 1.57588
08092012 1.57623
10092012 1.57681
11092012 1.57743
12092012 1.57078
13092012 1.57357
14092012 1.56430
15092012 1.58069
17092012 1.58083
18092012 1.58703
19092012 1.57580
20092012 1.57721
21092012 1.56353
22092012 1.56558
24092012 1.56286
25092012 1.57419
26092012 1.57006
27092012 1.56178
28092012 1.55256
29092012 1.55027
01102012 1.54876
02102012 1.55684
03102012 1.56274
04102012 1.57667
05102012 1.58391
06102012 1.59429
08102012 1.59311
09102012 1.58260
10102012 1.57549
11102012 1.57978
12102012 1.58138
13102012 1.58507
15102012 1.58393
16102012 1.58246
17102012 1.60352
18102012 1.59637
19102012 1.59579
20102012 1.59625
22102012 1.59581
23102012 1.59714
24102012 1.59912
25102012 1.58994
26102012 1.57611
27102012 1.57263
29102012 1.57308
30102012 1.57496
31102012 1.57894
01112012 1.57601
02112012 1.56496
03112012 1.55672
05112012 1.55419
06112012 1.55133
07112012 1.54828
08112012 1.54647
09112012 1.56385
10112012 1.56059
12112012 1.55861
13112012 1.55391
14112012 1.54918
15112012 1.57254
16112012 1.57801
17112012 1.57069
19112012 1.56742
20112012 1.56455
21112012 1.57011
22112012 1.57583
23112012 1.57998
24112012 1.57379
26112012 1.57259
27112012 1.57676
28112012 1.57630
29112012 1.57096
30112012 1.57652
01122012 1.58538
03122012 1.57852
04122012 1.59125
05122012 1.58914
06122012 1.58439
07122012 1.55929
08122012 1.55197
10122012 1.54850
11122012 1.55076
12122012 1.55043
13122012 1.55010
14122012 1.55120
15122012 1.55534
17122012 1.55582
18122012 1.55886
19122012 1.56975
20122012 1.58352
21122012 1.58770
22122012 1.59952
24122012 1.59719
25122012 1.60361
26122012 1.60396
27122012 1.61575
28122012 1.61402
29122012 1.61247
31122012 1.61025
01012013 1.59322
02012013 1.59387
03012013 1.58634
04012013 1.57612
05012013 1.57280
07012013 1.57369
08012013 1.56775
09012013 1.56376
10012013 1.55645
11012013 1.56918
12012013 1.59447
14012013 1.59267
15012013 1.59086
16012013 1.58471
17012013 1.58033
18012013 1.59073
19012013 1.59261
21012013 1.58982
22012013 1.59253
23012013 1.58284
24012013 1.58202
25012013 1.59347
26012013 1.60771
28012013 1.60982
29012013 1.61634
30012013 1.60977
31012013 1.62898
01022013 1.61678
02022013 1.61540
04022013 1.60663
05022013 1.60255
06022013 1.60547
07022013 1.60492
08022013 1.61204
09022013 1.60150
11022013 1.59731
12022013 1.59980
13022013 1.59879
14022013 1.59946
15022013 1.57245
16022013 1.58186
18022013 1.58029
19022013 1.57888
20022013 1.57828
21022013 1.59226
22022013 1.58168
23022013 1.57246
25022013 1.57886
26022013 1.56713
27022013 1.58125
28022013 1.58545
01032013 1.57874
02032013 1.58042
04032013 1.58012
05032013 1.57388
06032013 1.56830
07032013 1.56977
08032013 1.58104
09032013 1.58419
11032013 1.58290
12032013 1.57801
13032013 1.57806
14032013 1.56662
15032013 1.58169
16032013 1.57856
18032013 1.56782
19032013 1.56769
20032013 1.56317
21032013 1.57241
22032013 1.55144
23032013 1.55354
25032013 1.55101
26032013 1.53791
27032013 1.53295
28032013 1.52502
29032013 1.53215
30032013 1.53131
01042013 1.53079
02042013 1.53425
03042013 1.52189
04042013 1.52588
05042013 1.53614
06042013 1.54227
08042013 1.54011
09042013 1.53672
10042013 1.53466
11042013 1.52360
12042013 1.51739
13042013 1.52484
15042013 1.52944
16042013 1.55270
17042013 1.55003
18042013 1.54473
19042013 1.55149
20042013 1.54869
22042013 1.55531
23042013 1.55180
24042013 1.54594
25042013 1.52859
26042013 1.52954
27042013 1.52954
29042013 1.53768
30042013 1.52878
01052013 1.53624
02052013 1.55346
03052013 1.53826
04052013 1.53493
06052013 1.53329
07052013 1.53377
08052013 1.54626
09052013 1.56840
10052013 1.55562
11052013 1.56409
13052013 1.56469
14052013 1.57262
15052013 1.57930
16052013 1.56455
17052013 1.57970
18052013 1.59064
20052013 1.58676
21052013 1.57712
22052013 1.58125
23052013 1.59176
24052013 1.58806
25052013 1.59872
27052013 1.59565
28052013 1.59869
29052013 1.58979
30052013 1.58997
31052013 1.61720
01062013 1.63513
03062013 1.62822
04062013 1.61643
05062013 1.63331
06062013 1.64562
07062013 1.64745
08062013 1.67412
10062013 1.68455
11062013 1.67836
12062013 1.69146
13062013 1.67487
14062013 1.65267
15062013 1.65578
17062013 1.65524
18062013 1.67103
19062013 1.67609
20062013 1.68316
21062013 1.70489
22062013 1.69100
24062013 1.68589
25062013 1.69116
26062013 1.69188
27062013 1.66876
28062013 1.67273
29062013 1.67922
01072013 1.68346
02072013 1.67260
03072013 1.67489
04072013 1.67454
05072013 1.64666
06072013 1.66277
08072013 1.66225
09072013 1.64843
10072013 1.62566
11072013 1.65164
12072013 1.67138
13072013 1.67722
15072013 1.67669
16072013 1.67225
17072013 1.66768
18072013 1.66056
19072013 1.65845
20072013 1.65459
22072013 1.66075
23072013 1.65645
24072013 1.65317
25072013 1.66324
26072013 1.64178
27072013 1.64170
29072013 1.64301
03092013 1.68521
04092013 1.67721
05092013 1.66992
06092013 1.66153
07092013 1.64611
09092013 1.64404
10092013 1.65203
11092013 1.64398
12092013 1.64659
13092013 1.63281
14092013 1.63440
16092013 1.62428
17092013 1.63291
18092013 1.62138
19092013 1.61454
20092013 1.61450
21092013 1.61353
23092013 1.62154
24092013 1.61025
25092013 1.62883
26092013 1.63986
27092013 1.62855
28092013 1.63324
30092013 1.62973
01102013 1.62863
02102013 1.63440
03102013 1.63498
04102013 1.64108
05102013 1.62795
07102013 1.63020
08102013 1.63158
09102013 1.63602
10102013 1.62731
11102013 1.63025
12102013 1.62832
14102013 1.63060
15102013 1.61903
16102013 1.61423
17102013 1.60552
18102013 1.61090
19102013 1.61200
21102013 1.61033
22102013 1.61723
23102013 1.61787
24102013 1.64102
25102013 1.65203
26102013 1.66617
28102013 1.66600
29102013 1.66186
30102013 1.66526
31102013 1.66645
01112013 1.64339
02112013 1.63822
04112013 1.63399
05112013 1.63184
06112013 1.62037
07112013 1.61095
08112013 1.61348
09112013 1.62060
11112013 1.61584
12112013 1.62533
13112013 1.63198
14112013 1.63059
15112013 1.62530
16112013 1.61852
18112013 1.61480
19112013 1.61844
20112013 1.61993
21112013 1.62438
22112013 1.64270
23112013 1.65678
25112013 1.65412
26112013 1.64814
27112013 1.65455
28112013 1.66714
29112013 1.67169
30112013 1.66881
02122013 1.66255
03122013 1.65500
04122013 1.64598
05122013 1.65800
06122013 1.66428
07122013 1.65241
09122013 1.65330
10122013 1.65901
11122013 1.65504
16122013 1.66934
17122013 1.66631
18122013 1.66728
19122013 1.66831
20122013 1.66884
21122013 1.66805
23122013 1.66567
24122013 1.66884
26122013 1.67138
27122013 1.67810
28122013 1.68476
30122013 1.68372
31122013 1.68197
01012014 1.67050
02012014 1.67642
03012014 1.66972
04012014 1.63925
06012014 1.64243
07012014 1.64504
08012014 1.64275
09012014 1.64330
10012014 1.64803
11012014 1.64571
13012014 1.64811
14012014 1.63321
15012014 1.63220
16012014 1.63137
17012014 1.62978
18012014 1.63815
20012014 1.63767
21012014 1.64176
22012014 1.63064
23012014 1.63091
24012014 1.64906
25012014 1.65753
27012014 1.66192
28012014 1.65783
29012014 1.65378
30012014 1.66016
31012014 1.66332
01022014 1.66785
03022014 1.66356
04022014 1.67250
05022014 1.64760
06022014 1.64781
07022014 1.64464
08022014 1.64355
10022014 1.64274
11022014 1.65018
12022014 1.63751
13022014 1.63480
14022014 1.63704
15022014 1.63603
17022014 1.63776
18022014 1.63847
19022014 1.65621
20022014 1.65833
21022014 1.65476
22022014 1.65919
24022014 1.65777
25022014 1.64828
26022014 1.64954
06032014 1.62501
07032014 1.63421
11032014 1.63115
12032014 1.63697
13032014 1.64006
14032014 1.62265
15032014 1.62990
17032014 1.62934
18032014 1.62452
19032014 1.61590
20032014 1.61697
21032014 1.61536
22032014 1.61533
24032014 1.61304
25032014 1.61913
26032014 1.61134
27032014 1.60321
28032014 1.58416
29032014 1.58917
31032014 1.58751
01042014 1.58716
02042014 1.59504
03042014 1.60879
04042014 1.60580
05042014 1.59544
07042014 1.59533
08042014 1.59702
09042014 1.59079
10042014 1.58990
11042014 1.59861
12042014 1.59755
14042014 1.59638
15042014 1.59139
16042014 1.59801
17042014 1.60108
18042014 1.61294
19042014 1.61061
21042014 1.61084
22042014 1.61086
06052014 1.59276
07052014 1.59186
08052014 1.60457
09052014 1.60021
10052014 1.59648
12052014 1.59550
19052014 1.58573
20052014 1.58993
21052014 1.59755
22052014 1.59795
23052014 1.59483
24052014 1.59520
26052014 1.59494
27052014 1.59543
28052014 1.59593
29052014 1.59962
30052014 1.60540
31052014 1.60510
02062014 1.60575
03062014 1.60886
04062014 1.61603
05062014 1.61539
06062014 1.60647
07062014 1.60613
09062014 1.60473
10062014 1.60079
11062014 1.58893
12062014 1.58113
13062014 1.56145
14062014 1.56158
16062014 1.56136
17062014 1.56362
18062014 1.56499
19062014 1.55687
20062014 1.56158
21062014 1.56316
23062014 1.56133
24062014 1.56218
25062014 1.56655
26062014 1.56058
27062014 1.55105
28062014 1.55426
30062014 1.55412
01072014 1.56403
02072014 1.55900
03072014 1.55664
04072014 1.55443
05072014 1.55455
07072014 1.55334
08072014 1.55310
09072014 1.54887
10072014 1.54608
11072014 1.54205
12072014 1.54378
14072014 1.54344
15072014 1.54647
16072014 1.54695
17072014 1.55271
18072014 1.55857
19072014 1.55672
21072014 1.55329
22072014 1.55580
23072014 1.55394
24072014 1.54939
25072014 1.56962
26072014 1.57020
28072014 1.56971
29072014 1.57125
30072014 1.57785
31072014 1.57860
01082014 1.57609
02082014 1.57801
04082014 1.57776
05082014 1.57435
06082014 1.57906
07082014 1.57849
08082014 1.57499
09082014 1.58478
