04082010 7.8869
05082010 7.8859
06082010 7.8842
07082010 7.9002
09082010 7.9098
10082010 7.9107
11082010 7.9388
12082010 7.9564
13082010 7.9267
14082010 7.9314
16082010 7.8872
17082010 7.8969
18082010 7.8950
19082010 7.9165
20082010 7.9291
21082010 7.9231
23082010 7.9264
24082010 7.8959
25082010 7.9683
26082010 7.9861
27082010 8.0033
28082010 7.9541
30082010 7.9601
31082010 7.9939
01092010 7.9912
02092010 7.9217
03092010 7.8774
04092010 7.8732
06092010 7.8720
07092010 7.8725
08092010 7.8960
09092010 7.8832
10092010 7.8552
11092010 7.8676
13092010 7.8570
14092010 7.8611
15092010 7.8576
16092010 7.9206
17092010 7.9674
18092010 7.9706
20092010 7.9623
21092010 7.9030
22092010 7.9050
23092010 7.8862
24092010 7.9263
25092010 7.9310
27092010 7.9283
28092010 7.9368
29092010 7.9489
30092010 7.9741
01102010 8.0146
02102010 8.0279
04102010 8.0438
05102010 8.0305
06102010 8.0500
07102010 8.0359
08102010 8.1059
09102010 8.1108
11102010 8.1103
12102010 8.1121
13102010 8.1450
14102010 8.0778
15102010 8.0713
16102010 8.1036
18102010 8.0976
19102010 8.1547
20102010 8.1628
21102010 8.1342
22102010 8.1412
23102010 8.0942
25102010 8.0932
26102010 8.0910
27102010 8.1373
28102010 8.1283
29102010 8.2131
30102010 8.1502
01112010 8.1495
02112010 8.1668
03112010 8.1918
04112010 8.1818
05112010 8.1497
08112010 8.0751
09112010 8.0921
10112010 8.0563
11112010 8.0834
12112010 8.1172
15112010 8.1530
16112010 8.1305
17112010 8.1825
18112010 8.1579
19112010 8.1658
22112010 8.1845
23112010 8.1855
24112010 8.1622
25112010 8.1215
26112010 8.1323
29112010 8.1688
30112010 8.0983
01122010 8.0618
02122010 8.0704
03122010 8.0379
06122010 7.9699
07122010 7.9816
08122010 7.9653
09122010 7.9691
10122010 7.9941
13122010 7.9423
14122010 7.9311
15122010 7.8869
16122010 7.8890
17122010 7.8756
20122010 7.8740
21122010 7.8475
22122010 7.8391
23122010 7.8462
24122010 7.8352
27122010 7.8245
28122010 7.8226
29122010 7.8165
30122010 7.8204
31122010 7.8235
03012011 7.7818
04012011 7.7849
05012011 7.7983
06012011 7.7624
07012011 7.7487
10012011 7.7245
11012011 7.7342
12012011 7.7213
13012011 7.7543
14012011 7.8418
15012011 7.8139
17012011 7.7981
18012011 7.7888
19012011 7.8059
20012011 7.8383
21012011 7.9113
24012011 7.9106
25012011 7.8845
26012011 7.8861
27012011 7.8901
28012011 7.9393
11072011 7.7287
12072011 7.7375
13072011 7.8219
14072011 7.8318
15072011 7.8430
16072011 7.8604
18072011 7.8642
19072011 7.8647
20072011 7.8133
21072011 7.8089
22072011 7.7839
23072011 7.7800
25072011 7.7791
26072011 7.7846
27072011 7.7598
28072011 7.7645
29072011 7.7459
30072011 7.7341
01082011 7.7316
02082011 7.6640
03082011 7.6984
04082011 7.6863
05082011 7.7925
06082011 7.8262
08082011 7.8630
09082011 7.7590
10082011 7.8321
11082011 7.8608
12082011 7.8650
13082011 7.8735
15082011 7.8600
16082011 7.8518
17082011 7.8396
18082011 7.7795
19082011 7.8423
20082011 7.8684
22082011 7.8525
23082011 7.8268
24082011 7.8333
25082011 7.8321
26082011 7.8002
27082011 7.7819
29082011 7.7653
30082011 7.7579
31082011 7.7393
01092011 7.7060
02092011 7.7026
03092011 7.6631
05092011 7.6554
06092011 7.6707
07092011 7.5760
08092011 7.5938
09092011 7.5237
10092011 7.5657
12092011 7.5229
13092011 7.6972
14092011 7.6744
15092011 7.7738
16092011 7.7239
17092011 7.6851
19092011 7.6831
20092011 7.7761
21092011 7.7205
22092011 7.7857
23092011 7.8745
24092011 7.8910
26092011 7.8750
27092011 7.7743
28092011 7.8344
29092011 7.8538
30092011 7.8723
01102011 7.8600
03102011 7.8551
04102011 7.8277
05102011 7.8487
06102011 7.8156
07102011 7.8355
08102011 7.7990
10102011 7.8023
11102011 7.7874
12102011 7.7607
13102011 7.7620
14102011 7.7467
15102011 7.7223
17102011 7.7132
18102011 7.7469
19102011 7.7170
20102011 7.7234
21102011 7.7228
22102011 7.7165
24102011 7.7049
25102011 7.6930
26102011 7.6979
27102011 7.6639
28102011 7.6730
29102011 7.6878
31102011 7.6704
01112011 7.6944
02112011 7.7532
03112011 7.7725
04112011 7.7156
05112011 7.6883
07112011 7.7276
08112011 7.7175
09112011 7.7382
10112011 7.7656
11112011 7.7515
14112011 7.7421
15112011 7.7918
16112011 7.7827
17112011 7.8000
18112011 7.8304
15112012 7.3326
16112012 7.3589
17112012 7.3666
19112012 7.3548
20112012 7.3460
21112012 7.3459
22112012 7.3306
23112012 7.3197
24112012 7.3419
26112012 7.3366
27112012 7.3240
28112012 7.3614
29112012 7.3475
30112012 7.3775
01122012 7.3681
03122012 7.3759
04122012 7.3596
05122012 7.3566
06122012 7.3517
07122012 7.3290
08122012 7.3328
10122012 7.3269
11122012 7.3367
12122012 7.3445
13122012 7.3501
14122012 7.3479
15122012 7.3911
17122012 7.3863
18122012 7.3868
19122012 7.4021
20122012 7.3654
21122012 7.3598
22122012 7.3537
24122012 7.3383
25122012 7.3900
26122012 7.3804
27122012 7.3920
28122012 7.3772
29122012 7.3818
31122012 7.3675
01012013 7.3329
02012013 7.3292
03012013 7.3071
04012013 7.2866
05012013 7.3374
07012013 7.3265
08012013 7.3271
09012013 7.3212
10012013 7.3067
11012013 7.3261
12012013 7.3762
14012013 7.3639
15012013 7.3643
16012013 7.4072
17012013 7.4054
18012013 7.4319
19012013 7.4668
21012013 7.4560
22012013 7.4613
23012013 7.4243
24012013 7.4016
25012013 7.3947
26012013 7.4383
28012013 7.4335
29012013 7.4410
30012013 7.4092
31012013 7.4280
02022013 7.4429
04022013 7.4305
05022013 7.4044
06022013 7.4345
07022013 7.4373
08022013 7.3936
09022013 7.4016
11022013 7.3907
12022013 7.3720
13022013 7.3787
14022013 7.3682
15022013 7.3955
16022013 7.4049
18022013 7.4007
19022013 7.4148
20022013 7.4077
21022013 7.4239
22022013 7.4802
23022013 7.4778
25022013 7.4721
26022013 7.4584
27022013 7.4422
28022013 7.4768
01032013 7.4928
02032013 7.4911
04032013 7.4808
05032013 7.4481
06032013 7.4315
07032013 7.4224
08032013 7.4290
09032013 7.4405
11032013 7.4395
12032013 7.4610
13032013 7.4379
14032013 7.4394
15032013 7.5327
16032013 7.5283
18032013 7.4753
19032013 7.4996
20032013 7.5141
21032013 7.5637
22032013 7.5306
23032013 7.5361
25032013 7.5269
26032013 7.5098
27032013 7.4958
28032013 7.4786
29032013 7.4823
30032013 7.4838
01042013 7.4797
02042013 7.4758
03042013 7.4559
04042013 7.4582
05042013 7.4744
06042013 7.4447
08042013 7.4354
09042013 7.4667
10042013 7.4725
11042013 7.5051
12042013 7.4771
13042013 7.4837
15042013 7.4828
16042013 7.5057
17042013 7.5408
18042013 7.5563
19042013 7.5976
20042013 7.5983
22042013 7.5864
23042013 7.6348
24042013 7.6916
25042013 7.6667
26042013 7.6652
27042013 7.6652
29042013 7.6201
30042013 7.6158
01052013 7.5927
02052013 7.5976
03052013 7.5794
04052013 7.6109
06052013 7.4621
07052013 7.6284
08052013 7.6417
09052013 7.5606
10052013 7.5362
11052013 7.5232
13052013 7.5159
14052013 7.5255
15052013 7.5410
16052013 7.5312
17052013 7.5139
18052013 7.5200
20052013 7.5091
21052013 7.5145
22052013 7.4721
23052013 7.4843
24052013 7.5365
25052013 7.5407
27052013 7.5273
28052013 7.5568
29052013 7.5789
30052013 7.6270
31052013 7.5987
01062013 7.6244
03062013 7.6199
04062013 7.5888
05062013 7.5962
06062013 7.6108
07062013 7.6069
08062013 7.6327
10062013 7.6004
11062013 7.6378
12062013 7.6900
13062013 7.6736
14062013 7.6784
15062013 7.6287
17062013 7.6054
18062013 7.6521
19062013 7.6793
20062013 7.6654
21062013 7.9238
22062013 7.9525
24062013 7.9409
25062013 8.0505
26062013 7.9704
27062013 7.9398
28062013 7.8860
29062013 7.9049
01072013 7.8893
02072013 7.9626
03072013 7.9388
04072013 7.9518
05072013 7.8771
06072013 8.0170
08072013 7.9864
09072013 7.9111
10072013 7.9000
11072013 7.8911
12072013 7.9355
13072013 7.9180
15072013 7.8904
16072013 7.9204
17072013 7.8805
18072013 7.8576
19072013 7.8432
20072013 7.8401
22072013 7.8344
23072013 7.8284
24072013 7.7671
25072013 7.8283
26072013 7.8429
27072013 7.8414
29072013 7.8296
03092013 8.0128
04092013 7.9935
05092013 8.0035
06092013 8.0307
07092013 8.0043
09092013 7.9900
10092013 7.9715
11092013 7.8566
12092013 7.8642
13092013 7.8247
14092013 7.8825
16092013 7.8821
17092013 7.8737
18092013 7.8883
19092013 7.8692
20092013 7.8902
21092013 8.0190
23092013 8.0093
24092013 7.9895
25092013 8.0473
26092013 8.1224
27092013 8.0666
28092013 8.0978
30092013 8.0963
01102013 8.1336
02102013 8.1107
03102013 8.1644
04102013 8.1045
05102013 8.0796
07102013 8.0804
08102013 8.1035
09102013 8.1110
10102013 8.1100
11102013 8.1578
12102013 8.1279
14102013 8.1205
15102013 8.1035
16102013 8.1504
17102013 8.1129
18102013 8.1102
19102013 8.0754
21102013 8.0661
22102013 8.0990
23102013 8.1146
24102013 8.1492
25102013 8.1236
26102013 8.1267
28102013 8.1242
29102013 8.1352
30102013 8.1031
31102013 8.1021
01112013 8.0803
02112013 8.0508
04112013 8.0421
05112013 8.0383
06112013 8.0662
07112013 8.0581
08112013 8.1280
09112013 8.2015
11112013 8.2301
12112013 8.2374
13112013 8.3223
14112013 8.3117
15112013 8.2925
16112013 8.2339
18112013 8.2352
19112013 8.2584
20112013 8.2308
21112013 8.2209
22112013 8.2197
23112013 8.2214
25112013 8.2069
26112013 8.2467
27112013 8.2760
28112013 8.2835
29112013 8.2797
30112013 8.3271
02122013 8.3251
03122013 8.2851
04122013 8.2830
05122013 8.3622
06122013 8.3982
07122013 8.4307
09122013 8.4203
10122013 8.4301
11122013 8.4139
16122013 8.4563
17122013 8.4552
18122013 8.4205
19122013 8.4027
20122013 8.4000
21122013 8.4255
23122013 8.4100
24122013 8.4232
26122013 8.4001
27122013 8.4073
28122013 8.4357
30122013 8.4380
31122013 8.3730
01012014 8.3544
02012014 8.3455
03012014 8.4262
04012014 8.3551
06012014 8.3600
07012014 8.4081
08012014 8.3992
09012014 8.4228
10012014 8.4016
11012014 8.4061
13012014 8.3915
14012014 8.3683
15012014 8.3179
16012014 8.3467
17012014 8.4143
18012014 8.3449
20012014 8.3400
21012014 8.3714
22012014 8.3585
23012014 8.3408
24012014 8.3380
25012014 8.3997
27012014 8.3855
28012014 8.4081
29012014 8.3745
30012014 8.4216
31012014 8.4679
01022014 8.4652
03022014 8.4620
04022014 8.5001
05022014 8.4966
06022014 8.4346
07022014 8.4474
08022014 8.4210
10022014 8.4222
11022014 8.3682
12022014 8.3519
13022014 8.3098
14022014 8.3453
15022014 8.3206
17022014 8.3215
18022014 8.3243
19022014 8.3095
20022014 8.3305
21022014 8.3624
22022014 8.3496
24022014 8.3352
25022014 8.2894
26022014 8.2974
06032014 8.2258
07032014 8.2830
11032014 8.2503
12032014 8.2577
13032014 8.2720
14032014 8.2691
15032014 8.3074
17032014 8.3003
18032014 8.2824
19032014 8.2991
20032014 8.3454
21032014 8.3510
22032014 8.3492
24032014 8.3472
25032014 8.3324
26032014 8.3317
27032014 8.3386
28032014 8.2444
29032014 8.2605
31032014 8.2482
01042014 8.2459
02042014 8.2531
03042014 8.2268
04042014 8.2316
05042014 8.2250
07042014 8.2181
08042014 8.2339
09042014 8.2400
10042014 8.2178
11042014 8.2280
12042014 8.2497
14042014 8.2279
15042014 8.2480
16042014 8.2238
17042014 8.2528
18042014 8.2664
19042014 8.2671
21042014 8.2671
22042014 8.2741
06052014 8.2572
07052014 8.2415
08052014 8.2231
09052014 8.1630
10052014 8.1315
12052014 8.1292
19052014 8.1383
20052014 8.1343
21052014 8.1533
22052014 8.1339
23052014 8.1231
24052014 8.1201
26052014 8.1249
27052014 8.1280
28052014 8.1163
29052014 8.1204
30052014 8.1153
31052014 8.1481
02062014 8.1447
03062014 8.1505
04062014 8.1699
05062014 8.1666
06062014 8.1735
07062014 8.1123
09062014 8.1111
10062014 8.1149
11062014 8.0953
12062014 8.1221
13062014 8.1156
14062014 8.1105
16062014 8.1083
17062014 8.1268
18062014 8.1279
19062014 8.1664
20062014 8.3260
21062014 8.3208
23062014 8.3164
24062014 8.3086
25062014 8.3107
26062014 8.3592
27062014 8.3488
28062014 8.3569
30062014 8.3543
01072014 8.3983
02072014 8.4317
03072014 8.4328
04072014 8.4213
05072014 8.4147
07072014 8.4129
08072014 8.3736
09072014 8.4219
10072014 8.3928
11072014 8.3942
12072014 8.4075
14072014 8.3994
15072014 8.4192
16072014 8.4299
17072014 8.3806
18072014 8.3977
19072014 8.3752
21072014 8.3700
22072014 8.3788
23072014 8.3352
24072014 8.3446
25072014 8.3483
26072014 8.3521
28072014 8.3499
29072014 8.3664
30072014 8.3822
31072014 8.3821
01082014 8.4164
02082014 8.4112
04082014 8.4105
05082014 8.4026
06082014 8.3989
07082014 8.3851
08082014 8.3409
09082014 8.3542
