04082010 9.3734
05082010 9.3902
06082010 9.3895
07082010 9.3990
09082010 9.4032
10082010 9.4004
11082010 9.4340
12082010 9.4762
13082010 9.4941
14082010 9.5043
16082010 9.4722
17082010 9.4508
18082010 9.4258
19082010 9.4369
20082010 9.4641
21082010 9.4301
23082010 9.4293
24082010 9.3793
25082010 9.4430
26082010 9.4293
27082010 9.4115
28082010 9.3617
30082010 9.3641
31082010 9.3885
01092010 9.3637
02092010 9.3309
03092010 9.2879
04092010 9.3132
06092010 9.3127
07092010 9.2964
08092010 9.3025
09092010 9.2563
10092010 9.2390
11092010 9.2011
13092010 9.1652
14092010 9.1933
15092010 9.1807
16092010 9.2204
17092010 9.2140
18092010 9.2239
20092010 9.2198
21092010 9.1450
22092010 9.1161
23092010 9.1686
24092010 9.2022
25092010 9.1772
27092010 9.1761
28092010 9.2112
29092010 9.1745
30092010 9.1525
01102010 9.1845
02102010 9.2462
04102010 9.2450
05102010 9.2548
06102010 9.2748
07102010 9.3388
08102010 9.2597
09102010 9.2678
11102010 9.2633
12102010 9.2510
13102010 9.2593
14102010 9.2513
15102010 9.2240
16102010 9.2500
18102010 9.2543
19102010 9.2853
20102010 9.3525
21102010 9.2755
22102010 9.2908
23102010 9.2354
25102010 9.2120
26102010 9.1945
27102010 9.3261
28102010 9.3270
29102010 9.3804
30102010 9.2957
01112010 9.2730
02112010 9.2971
03112010 9.3088
04112010 9.3069
05112010 9.2608
08112010 9.2760
09112010 9.3223
10112010 9.3042
11112010 9.2846
12112010 9.3408
15112010 9.3834
16112010 9.3419
17112010 9.3802
18112010 9.3716
19112010 9.3695
22112010 9.3775
23112010 9.3746
24112010 9.3239
25112010 9.2625
26112010 9.2851
29112010 9.2625
30112010 9.1703
01122010 9.1264
02122010 9.1576
03122010 9.1246
06122010 9.1139
07122010 9.1111
08122010 9.1441
09122010 9.1162
10122010 9.1273
13122010 9.1358
14122010 9.1593
15122010 9.0991
16122010 9.0517
17122010 9.0192
20122010 9.0165
21122010 8.9944
22122010 8.9694
23122010 8.9882
24122010 8.9849
27122010 8.9920
28122010 8.9655
29122010 9.0099
30122010 9.0077
31122010 8.9649
03012011 8.9738
04012011 8.9462
05012011 8.9429
06012011 8.8982
07012011 8.9282
10012011 8.9455
11012011 8.9072
12012011 8.8883
13012011 8.8419
14012011 8.9595
17012011 8.9087
18012011 8.9202
19012011 8.9069
20012011 8.9075
21012011 8.9689
24012011 8.9528
25012011 8.9798
26012011 8.9426
27012011 8.8613
28012011 8.8223
01022011 8.8119
11072011 9.1184
12072011 9.1957
13072011 9.2000
14072011 9.1921
15072011 9.2057
16072011 9.1935
18072011 9.1805
19072011 9.2532
20072011 9.2065
21072011 9.1665
22072011 9.0785
23072011 9.0961
25072011 9.1057
26072011 9.1110
27072011 9.0602
28072011 9.1184
29072011 9.0653
30072011 9.0386
01082011 9.0167
02082011 9.0122
03082011 9.1065
04082011 9.0864
05082011 9.2221
06082011 9.2282
12082011 9.2719
13082011 9.2765
15082011 9.2600
16082011 9.2445
17082011 9.2148
18082011 9.1333
19082011 9.2323
20082011 9.1882
22082011 9.1800
23082011 9.1448
24082011 9.1261
25082011 9.1218
26082011 9.0871
27082011 9.1245
29082011 9.1198
30082011 9.1382
31082011 9.1695
01092011 9.1077
02092011 9.1332
03092011 9.0679
05092011 9.0690
06092011 9.1096
07092011 9.0419
08092011 8.9769
09092011 8.9383
10092011 8.9448
12092011 8.9268
13092011 9.1662
14092011 9.1169
15092011 9.2157
16092011 9.1459
17092011 9.1271
19092011 9.1313
20092011 9.1429
21092011 9.0735
22092011 9.1896
23092011 9.2725
24092011 9.3265
26092011 9.3317
27092011 9.2046
28092011 9.1902
29092011 9.2356
30092011 9.2488
01102011 9.1911
03102011 9.1896
04102011 9.1625
05102011 9.1580
06102011 9.1581
07102011 9.1493
08102011 9.1008
10102011 9.1237
11102011 9.0829
12102011 9.1044
13102011 9.1265
14102011 9.1637
15102011 9.1488
17102011 9.1364
18102011 9.1558
19102011 9.1241
20102011 9.1217
21102011 9.1202
22102011 9.1223
24102011 9.1007
28102011 9.0091
29102011 9.0304
31102011 9.0046
01112011 9.0134
02112011 9.0599
03112011 9.0826
04112011 9.0864
05112011 9.0223
07112011 9.0547
08112011 9.0380
09112011 9.0369
10112011 9.0369
11112011 9.0954
14112011 9.0830
15112011 9.1140
07122012 8.6121
08122012 8.6228
10122012 8.6118
11122012 8.6583
12122012 8.6389
13122012 8.7002
14122012 8.7168
15122012 8.7778
17122012 8.7751
18122012 8.7573
19122012 8.7270
20122012 8.6748
21122012 8.6226
22122012 8.6387
24122012 8.6250
25122012 8.6416
26122012 8.6304
27122012 8.6005
28122012 8.6094
29122012 8.6119
31122012 8.5907
01012013 8.5739
02012013 8.5666
03012013 8.5549
04012013 8.5225
05012013 8.5520
07012013 8.5393
08012013 8.5260
09012013 8.5672
10012013 8.5727
11012013 8.6079
12012013 8.6298
14012013 8.6236
15012013 8.6245
16012013 8.6468
17012013 8.6394
18012013 8.6841
19012013 8.6852
21012013 8.6527
22012013 8.6909
23012013 8.6669
24012013 8.6803
25012013 8.6806
26012013 8.6958
28012013 8.6941
29012013 8.6367
30012013 8.5871
31012013 8.6127
02022013 8.6092
04022013 8.5990
05022013 8.5526
06022013 8.5846
07022013 8.6040
08022013 8.5916
09022013 8.6152
11022013 8.5943
12022013 8.5700
13022013 8.5607
14022013 8.4556
15022013 8.4407
16022013 8.4499
18022013 8.4458
19022013 8.4676
20022013 8.4374
21022013 8.4251
22022013 8.4631
23022013 8.4642
25022013 8.4515
26022013 8.4626
27022013 8.4265
28022013 8.4473
01032013 8.4368
02032013 8.3744
04032013 8.3699
05032013 8.3603
06032013 8.3218
07032013 8.3195
08032013 8.2938
09032013 8.3178
11032013 8.3183
12032013 8.3317
13032013 8.2850
14032013 8.3215
15032013 8.3766
16032013 8.3527
18032013 8.3421
19032013 8.3356
20032013 8.3231
21032013 8.3650
22032013 8.3690
23032013 8.4358
25032013 8.4215
26032013 8.3825
27032013 8.3482
28032013 8.3307
29032013 8.3507
30032013 8.3608
01042013 8.3448
02042013 8.3669
03042013 8.3156
04042013 8.3609
05042013 8.4276
06042013 8.3767
08042013 8.3760
09042013 8.3508
10042013 8.3575
11042013 8.3577
12042013 8.3205
13042013 8.3374
15042013 8.3131
16042013 8.3753
17042013 8.3814
18042013 8.4876
19042013 8.5354
20042013 8.5429
22042013 8.5296
23042013 8.5346
24042013 8.6367
25042013 8.6058
26042013 8.6063
27042013 8.6063
29042013 8.5509
30042013 8.5684
01052013 8.5334
02052013 8.5275
03052013 8.5462
04052013 8.5298
06052013 8.5200
07052013 8.5558
08052013 8.5439
09052013 8.5574
10052013 8.5452
11052013 8.5771
13052013 8.5564
14052013 8.5795
15052013 8.6280
16052013 8.5934
17052013 8.5923
18052013 8.5955
20052013 8.5850
21052013 8.5721
22052013 8.5385
23052013 8.5358
24052013 8.5944
25052013 8.5913
27052013 8.5810
28052013 8.5898
29052013 8.6370
30052013 8.6058
31052013 8.5617
01062013 8.6068
03062013 8.5965
04062013 8.5516
05062013 8.5847
06062013 8.6265
07062013 8.6585
08062013 8.6655
10062013 8.6627
11062013 8.7161
12062013 8.7186
13062013 8.6818
14062013 8.6652
15062013 8.5885
17062013 8.5830
18062013 8.6375
19062013 8.6253
20062013 8.5654
21062013 8.6853
22062013 8.7436
24062013 8.7275
25062013 8.8682
26062013 8.7806
27062013 8.7761
28062013 8.7845
29062013 8.7228
01072013 8.7111
02072013 8.7090
03072013 8.7195
04072013 8.6863
05072013 8.6118
06072013 8.7240
08072013 8.7129
09072013 8.7260
10072013 8.6709
11072013 8.7016
12072013 8.7248
13072013 8.7171
15072013 8.6988
16072013 8.7173
17072013 8.6704
18072013 8.6205
19072013 8.6144
20072013 8.5815
22072013 8.5830
23072013 8.5528
24072013 8.5249
25072013 8.5942
26072013 8.6071
27072013 8.5949
29072013 8.5890
03092013 8.7130
04092013 8.7221
05092013 8.7105
06092013 8.7570
07092013 8.7326
09092013 8.7213
10092013 8.6897
11092013 8.6781
12092013 8.6817
13092013 8.6697
14092013 8.7146
16092013 8.6988
17092013 8.6829
18092013 8.6315
19092013 8.6097
20092013 8.5850
21092013 8.6020
23092013 8.5852
24092013 8.6124
25092013 8.6238
26092013 8.6805
27092013 8.6570
28092013 8.6908
30092013 8.6788
01102013 8.6927
02102013 8.6000
03102013 8.6596
04102013 8.6418
05102013 8.7099
07102013 8.6955
08102013 8.7097
09102013 8.7301
10102013 8.7367
11102013 8.7829
12102013 8.7734
14102013 8.7654
15102013 8.7562
16102013 8.7865
17102013 8.7716
18102013 8.7550
19102013 8.7741
21102013 8.7705
22102013 8.7497
23102013 8.7705
24102013 8.7738
25102013 8.7672
26102013 8.7201
28102013 8.7116
29102013 8.7480
30102013 8.7675
31102013 8.7834
01112013 8.7962
02112013 8.8111
04112013 8.8050
05112013 8.7947
06112013 8.7927
07112013 8.7814
08112013 8.7776
09112013 8.8131
11112013 8.8081
12112013 8.8022
13112013 8.9313
14112013 8.9543
15112013 8.9475
16112013 8.9460
18112013 8.9388
19112013 8.9317
20112013 8.9549
21112013 8.9235
22112013 8.9472
23112013 8.9179
25112013 8.9066
26112013 8.8743
27112013 8.9215
28112013 8.9236
29112013 8.9017
30112013 8.9106
02122013 8.9051
03122013 8.8792
04122013 8.8525
05122013 8.8401
06122013 8.8615
07122013 8.9108
09122013 8.9200
10122013 8.9705
11122013 8.9840
16122013 9.0362
17122013 9.0385
18122013 9.0259
19122013 8.9851
20122013 9.0119
21122013 9.0084
23122013 8.9910
24122013 8.9840
26122013 8.9850
27122013 8.9630
28122013 8.9430
30122013 8.9547
31122013 8.8465
01012014 8.8506
02012014 8.8450
03012014 8.8946
04012014 8.8670
06012014 8.8610
07012014 8.8709
08012014 8.8646
09012014 8.9234
10012014 8.9179
11012014 8.8648
13012014 8.8614
14012014 8.8890
15012014 8.8054
16012014 8.7993
17012014 8.7895
18012014 8.7526
20012014 8.7570
21012014 8.7869
22012014 8.7850
23012014 8.7727
24012014 8.7750
25012014 8.8056
27012014 8.8010
28012014 8.7833
29012014 8.7729
30012014 8.8224
31012014 8.8380
01022014 8.8287
03022014 8.8315
04022014 8.8512
05022014 8.8188
06022014 8.8289
07022014 8.8417
08022014 8.8396
10022014 8.8425
11022014 8.8425
12022014 8.7849
13022014 8.7613
14022014 8.8275
15022014 8.8230
17022014 8.8190
18022014 8.8403
19022014 8.9195
20022014 8.9425
21022014 8.9655
22022014 8.9698
24022014 8.9824
25022014 8.9335
26022014 8.9274
06032014 8.8301
07032014 8.8584
11032014 8.8360
12032014 8.8312
13032014 8.8465
14032014 8.8440
15032014 8.8935
17032014 8.8762
18032014 8.8410
19032014 8.8206
20032014 8.8563
21032014 8.8419
22032014 8.8574
24032014 8.8514
25032014 8.8492
26032014 8.8491
27032014 8.9130
28032014 8.9045
29032014 8.9361
31032014 8.9361
01042014 8.9160
02042014 8.8936
03042014 8.9222
04042014 8.9727
05042014 8.9883
07042014 8.9683
08042014 8.9692
09042014 8.9610
10042014 8.9793
11042014 9.0792
12042014 9.0720
14042014 9.0607
15042014 9.0621
16042014 9.0783
17042014 9.1143
18042014 9.1177
19042014 9.1162
21042014 9.1147
22042014 9.1194
06052014 9.0644
07052014 9.0494
08052014 9.0483
09052014 9.0249
10052014 9.0414
12052014 9.0357
19052014 9.0303
20052014 9.0325
21052014 9.0273
22052014 8.9920
23052014 8.9996
24052014 9.0485
26052014 9.0440
27052014 9.0330
28052014 9.0284
29052014 9.0259
30052014 9.0408
31052014 9.1215
02062014 9.1020
03062014 9.1007
04062014 9.0976
05062014 9.0404
06062014 9.1000
07062014 9.0474
09062014 9.0430
10062014 9.0843
11062014 9.0701
12062014 9.0633
13062014 9.0661
14062014 8.9997
16062014 8.9898
17062014 8.9931
18062014 8.9890
19062014 9.0347
20062014 9.1128
21062014 9.1364
23062014 9.1320
24062014 9.1170
25062014 9.1460
26062014 9.1773
27062014 9.1707
28062014 9.1863
30062014 9.1920
01072014 9.1478
02072014 9.1517
03072014 9.1569
04072014 9.2868
05072014 9.3027
07072014 9.2975
08072014 9.2927
09072014 9.3004
10072014 9.2646
11072014 9.2338
12072014 9.2430
14072014 9.2370
15072014 9.2520
16072014 9.2556
17072014 9.2333
18072014 9.2358
19072014 9.2548
21072014 9.2449
22072014 9.2615
23072014 9.2263
24072014 9.2091
25072014 9.1938
26072014 9.1524
28072014 9.1521
29072014 9.1829
30072014 9.1898
31072014 9.2193
01082014 9.2356
02082014 9.2074
04082014 9.2025
05082014 9.2348
06082014 9.2073
07082014 9.2265
08082014 9.2285
09082014 9.2410
