01062012 1.23580
02062012 1.23970
04062012 1.24150
05062012 1.24830
06062012 1.24410
07062012 1.25510
08062012 1.25890
09062012 1.25050
11062012 1.26380
12062012 1.25030
13062012 1.24950
14062012 1.25940
15062012 1.25910
16062012 1.26350
18062012 1.26930
19062012 1.25710
20062012 1.27220
21062012 1.27040
22062012 1.25620
23062012 1.25600
25062012 1.25450
26062012 1.24970
27062012 1.24880
28062012 1.24630
29062012 1.24190
30062012 1.26580
02072012 1.26760
03072012 1.25760
04072012 1.26020
05072012 1.25340
06072012 1.23820
07072012 1.22780
09072012 1.22620
10072012 1.23110
11072012 1.22550
12072012 1.22610
13072012 1.21920
14072012 1.22350
16072012 1.22650
17072012 1.22690
18072012 1.22680
19072012 1.22600
20072012 1.22620
21072012 1.21560
23072012 1.21190
24072012 1.21180
25072012 1.20540
26072012 1.21450
27072012 1.22780
28072012 1.23190
30072012 1.22960
31072012 1.22480
01082012 1.23020
02082012 1.22980
03082012 1.21620
04082012 1.23680
06082012 1.23960
07082012 1.23960
08082012 1.24170
09082012 1.23500
10082012 1.22830
11082012 1.22940
13082012 1.22880
14082012 1.23330
15082012 1.23280
16082012 1.22820
17082012 1.23630
18082012 1.23160
20082012 1.23500
21082012 1.23390
22082012 1.24750
23082012 1.24700
24082012 1.25640
25082012 1.25320
27082012 1.25110
28082012 1.25090
29082012 1.25650
30082012 1.25290
31082012 1.24960
01092012 1.25660
03092012 1.25690
04092012 1.25930
05092012 1.25600
06092012 1.25960
07092012 1.26360
08092012 1.27910
10092012 1.28070
11092012 1.27770
12092012 1.28580
13092012 1.28940
14092012 1.29610
15092012 1.31080
17092012 1.31180
18092012 1.31030
19092012 1.30340
20092012 1.30490
21092012 1.29460
22092012 1.29970
24092012 1.29750
25092012 1.29190
26092012 1.29450
27092012 1.28530
28092012 1.29120
29092012 1.28600
01102012 1.28440
02102012 1.28940
03102012 1.29270
04102012 1.29010
05102012 1.30290
06102012 1.30290
08102012 1.30230
09102012 1.29690
10102012 1.28640
11102012 1.28930
12102012 1.29300
13102012 1.29510
15102012 1.29520
16102012 1.29440
17102012 1.30460
18102012 1.31210
19102012 1.30820
20102012 1.30190
22102012 1.30190
23102012 1.30460
24102012 1.29700
25102012 1.29560
26102012 1.29470
27102012 1.29290
29102012 1.29410
30102012 1.29040
31102012 1.29590
01112012 1.29600
02112012 1.29350
03112012 1.28250
05112012 1.28150
06112012 1.27840
07112012 1.28180
08112012 1.27590
09112012 1.27490
10112012 1.27130
12112012 1.27100
13112012 1.27100
14112012 1.27100
15112012 1.27490
16112012 1.27740
17112012 1.27270
19112012 1.27460
20112012 1.28020
21112012 1.28030
22112012 1.28240
23112012 1.28620
24112012 1.29700
26112012 1.29650
27112012 1.29600
28112012 1.29310
29112012 1.29300
30112012 1.29720
01122012 1.29990
03122012 1.29810
04122012 1.30560
05122012 1.30940
06122012 1.30800
07122012 1.29530
08122012 1.29310
10122012 1.28880
11122012 1.29320
12122012 1.30050
13122012 1.30820
14122012 1.30730
15122012 1.31610
17122012 1.31670
18122012 1.31600
19122012 1.32260
20122012 1.32400
21122012 1.32440
22122012 1.31770
24122012 1.31730
25122012 1.31840
26122012 1.31820
27122012 1.32150
28122012 1.32250
29122012 1.32140
31122012 1.32110
01012013 1.31960
02012013 1.32030
03012013 1.31640
04012013 1.31050
05012013 1.30540
07012013 1.30730
08012013 1.31090
09012013 1.30770
10012013 1.30520
11012013 1.32600
12012013 1.33460
14012013 1.33590
15012013 1.33620
16012013 1.32800
17012013 1.32940
18012013 1.33830
19012013 1.33220
21012013 1.33080
22012013 1.33140
23012013 1.33130
24012013 1.33110
25012013 1.33660
26012013 1.34590
28012013 1.34630
29012013 1.34460
30012013 1.34800
31012013 1.35640
01022013 1.35760
02022013 1.36610
04022013 1.36490
05022013 1.35080
06022013 1.35800
07022013 1.35110
08022013 1.33970
09022013 1.33570
11022013 1.33670
12022013 1.34130
13022013 1.34520
14022013 1.34470
15022013 1.33400
16022013 1.33540
18022013 1.33470
19022013 1.33500
20022013 1.33860
21022013 1.33340
22022013 1.31770
23022013 1.31810
25022013 1.32140
26022013 1.30910
27022013 1.30440
28022013 1.30940
01032013 1.30780
02032013 1.30150
04032013 1.30100
05032013 1.30080
06032013 1.30410
07032013 1.29840
08032013 1.31130
09032013 1.29900
11032013 1.29940
12032013 1.30390
13032013 1.30230
14032013 1.29590
15032013 1.29980
16032013 1.30540
18032013 1.29080
19032013 1.29480
20032013 1.28730
21032013 1.29480
22032013 1.29140
23032013 1.29810
25032013 1.29610
26032013 1.28630
27032013 1.28550
28032013 1.27740
29032013 1.28230
30032013 1.28190
01042013 1.28030
02042013 1.28510
03042013 1.28180
04042013 1.28460
05042013 1.29350
06042013 1.30160
08042013 1.29710
09042013 1.30110
10042013 1.30880
11042013 1.30560
12042013 1.31130
13042013 1.30920
15042013 1.31130
16042013 1.30680
17042013 1.31910
18042013 1.30330
19042013 1.30600
20042013 1.30740
22042013 1.30750
23042013 1.30460
24042013 1.30000
25042013 1.30130
26042013 1.30150
27042013 1.30250
29042013 1.30460
30042013 1.30950
01052013 1.31540
02052013 1.31930
03052013 1.30650
04052013 1.31020
06052013 1.31208
07052013 1.30760
08052013 1.30840
09052013 1.31610
10052013 1.31020
11052013 1.29740
13052013 1.29693
14052013 1.29720
15052013 1.29420
16052013 1.28710
17052013 1.29050
18052013 1.28320
20052013 1.28417
21052013 1.28740
22052013 1.29010
23052013 1.28590
24052013 1.29310
25052013 1.29180
27052013 1.29315
28052013 1.29260
29052013 1.28610
30052013 1.29280
31052013 1.30520
01062013 1.29620
03062013 1.29926
04062013 1.30880
05062013 1.30670
06062013 1.30880
07062013 1.32440
08062013 1.32220
10062013 1.31899
11062013 1.32600
12062013 1.32930
13062013 1.33230
14062013 1.33410
15062013 1.33310
17062013 1.33459
18062013 1.33340
19062013 1.34060
20062013 1.34010
21062013 1.32190
22062013 1.31400
24062013 1.30906
25062013 1.31160
26062013 1.30880
27062013 1.30030
28062013 1.30388
29062013 1.30149
01072013 1.30097
02072013 1.30635
03072013 1.29741
04072013 1.30040
05072013 1.29120
06072013 1.28310
08072013 1.28107
09072013 1.28550
10072013 1.27670
11072013 1.28470
12072013 1.30440
13072013 1.30560
15072013 1.30791
16072013 1.30600
17072013 1.31470
18072013 1.31380
19072013 1.31110
20072013 1.31350
22072013 1.31348
23072013 1.31880
24072013 1.32150
25072013 1.31800
26072013 1.32450
27072013 1.32800
29072013 1.32829
30072013 1.32550
31072013 1.32520
01082013 1.32870
02082013 1.32160
03082013 1.32840
05082013 1.32812
06082013 1.32560
07082013 1.33050
08082013 1.33380
09082013 1.33830
10082013 1.33440
12082013 1.33187
13082013 1.33040
14082013 1.32560
15082013 1.32490
16082013 1.33290
17082013 1.33190
19082013 1.33329
20082013 1.33430
21082013 1.34150
22082013 1.33740
23082013 1.33600
24082013 1.33830
26082013 1.33822
27082013 1.33650
28082013 1.33890
29082013 1.33270
30082013 1.32430
31082013 1.32090
02092013 1.32117
03092013 1.31920
04092013 1.31650
05092013 1.32114
06092013 1.31176
07092013 1.31751
09092013 1.31720
10092013 1.32592
11092013 1.32672
12092013 1.33143
13092013 1.32970
14092013 1.33028
16092013 1.33631
17092013 1.33368
18092013 1.33598
19092013 1.35063
20092013 1.35257
21092013 1.35225
23092013 1.35448
24092013 1.34940
25092013 1.34729
26092013 1.35274
27092013 1.34843
28092013 1.35218
30092013 1.34932
01102013 1.35276
02102013 1.35339
03102013 1.35871
04102013 1.36228
05102013 1.35532
07102013 1.35631
08102013 1.35775
09102013 1.35737
10102013 1.35228
11102013 1.35216
12102013 1.35502
14102013 1.35596
15102013 1.35658
16102013 1.35146
17102013 1.35269
18102013 1.36785
19102013 1.36842
21102013 1.36831
22102013 1.36822
23102013 1.37807
24102013 1.37766
25102013 1.38011
26102013 1.38073
28102013 1.38047
29102013 1.37855
30102013 1.37425
31102013 1.37317
01112013 1.35764
02112013 1.34893
04112013 1.34914
05112013 1.35167
06112013 1.34734
07112013 1.35213
08112013 1.34280
09112013 1.33547
11112013 1.33490
12112013 1.34081
13112013 1.34268
14112013 1.34616
15112013 1.34558
16112013 1.34896
18112013 1.34892
19112013 1.34995
20112013 1.35304
21112013 1.34194
22112013 1.34612
23112013 1.35502
25112013 1.35505
26112013 1.35160
27112013 1.35739
28112013 1.35736
29112013 1.36038
30112013 1.35831
02122013 1.35820
03122013 1.35378
04122013 1.35910
05122013 1.35886
06122013 1.36756
07122013 1.36952
09122013 1.37133
10122013 1.37398
11122013 1.37621
16122013 1.37842
17122013 1.37641
18122013 1.37665
19122013 1.37574
20122013 1.36562
21122013 1.36730
23122013 1.36667
24122013 1.36909
25122013 1.36814
26122013 1.36783
27122013 1.36933
28122013 1.37334
30122013 1.37551
31122013 1.38013
01012014 1.37455
02012014 1.37656
03012014 1.36520
04012014 1.35981
06012014 1.35943
07012014 1.36345
08012014 1.36174
09012014 1.35809
10012014 1.35910
11012014 1.36604
13012014 1.36712
14012014 1.36676
15012014 1.36717
16012014 1.35995
17012014 1.36149
18012014 1.35301
20012014 1.35331
21012014 1.35657
22012014 1.35594
23012014 1.35476
24012014 1.36954
25012014 1.36769
27012014 1.36789
28012014 1.36653
29012014 1.36634
30012014 1.36608
31012014 1.35502
01022014 1.34802
03022014 1.34844
04022014 1.35296
05022014 1.35164
06022014 1.35348
07022014 1.35878
08022014 1.36274
10022014 1.36186
11022014 1.36406
12022014 1.36375
13022014 1.35934
14022014 1.36740
15022014 1.36989
17022014 1.37040
18022014 1.37033
19022014 1.37564
20022014 1.37425
21022014 1.37184
22022014 1.37432
24022014 1.37343
25022014 1.37351
26022014 1.37419
27022014 1.36832
28022014 1.37104
01032014 1.38231
03032014 1.37791
04032014 1.37329
05032014 1.37348
06032014 1.37302
07032014 1.38604
08032014 1.38706
10032014 1.38752
11032014 1.38704
12032014 1.38585
13032014 1.39083
14032014 1.38610
15032014 1.39067
17032014 1.39035
18032014 1.39218
19032014 1.39311
20032014 1.38306
21032014 1.37757
22032014 1.37971
24032014 1.38015
25032014 1.38382
26032014 1.38250
27032014 1.37939
28032014 1.37407
29032014 1.37551
31032014 1.37603
01042014 1.37761
02042014 1.37960
03042014 1.37643
04042014 1.37149
05042014 1.37030
07042014 1.36975
08042014 1.37452
09042014 1.37970
10042014 1.38562
11042014 1.38836
12042014 1.38826
14042014 1.38558
15042014 1.38172
16042014 1.38097
17042014 1.38161
18042014 1.38135
19042014 1.38119
21042014 1.38137
22042014 1.37929
23042014 1.38041
24042014 1.38169
25042014 1.38271
26042014 1.38345
28042014 1.38404
29042014 1.38492
30042014 1.38102
01052014 1.38733
02052014 1.38641
03052014 1.38713
05052014 1.38818
06052014 1.38750
07052014 1.39315
08052014 1.39135
09052014 1.38483
10052014 1.37545
12052014 1.37554
13052014 1.37592
14052014 1.37017
15052014 1.37122
16052014 1.37080
19052014 1.36910
20052014 1.37093
21052014 1.37002
22052014 1.36863
23052014 1.36560
24052014 1.36295
26052014 1.36178
27052014 1.36474
28052014 1.36344
29052014 1.35939
30052014 1.36025
31052014 1.36309
02062014 1.36343
03062014 1.35980
04062014 1.36210
05062014 1.35990
06062014 1.36574
07062014 1.36447
09062014 1.36425
10062014 1.35895
11062014 1.35460
12062014 1.35273
13062014 1.35658
14062014 1.35391
16062014 1.35377
17062014 1.35703
18062014 1.35423
19062014 1.35852
20062014 1.36027
21062014 1.35973
23062014 1.35940
24062014 1.36016
25062014 1.36041
26062014 1.36288
27062014 1.36098
28062014 1.36476
30062014 1.36432
01072014 1.36933
02072014 1.36788
03072014 1.36542
04072014 1.36076
05072014 1.35934
07072014 1.35948
08072014 1.36070
09072014 1.36121
10072014 1.36417
11072014 1.36076
12072014 1.36087
14072014 1.35998
15072014 1.36193
16072014 1.35666
17072014 1.35238
18072014 1.35256
19072014 1.35244
21072014 1.35264
22072014 1.35215
23072014 1.34681
24072014 1.34619
25072014 1.34634
26072014 1.34314
28072014 1.34304
29072014 1.34321
30072014 1.34098
31072014 1.33930
01082014 1.33892
02082014 1.34223
04082014 1.34305
05082014 1.34214
06082014 1.33734
07082014 1.33793
08082014 1.33644
09082014 1.34122
