27072011 109.801
28072011 109.367
29072011 108.786
30072011 108.612
01082011 108.797
02082011 108.017
03082011 107.480
04082011 108.000
05082011 107.594
06082011 108.293
08082011 108.591
09082011 107.540
10082011 107.763
11082011 107.103
12082011 107.805
13082011 108.077
15082011 108.243
16082011 109.296
17082011 108.994
18082011 108.800
19082011 108.351
20082011 108.649
22082011 108.632
23082011 108.550
24082011 109.011
25082011 109.232
26082011 109.239
27082011 109.950
29082011 109.969
30082011 110.098
31082011 109.957
01092011 109.207
02092011 108.539
03092011 107.805
05092011 107.747
06092011 107.341
07092011 108.264
08092011 108.699
09092011 107.445
10092011 106.127
12092011 105.738
13092011 106.295
14092011 106.479
15092011 106.915
16092011 107.657
17092011 107.152
19092011 107.116
20092011 106.604
21092011 106.401
22092011 106.603
23092011 106.156
24092011 106.286
26092011 106.163
27092011 105.937
28092011 106.389
29092011 106.188
30092011 106.438
01102011 105.238
03102011 105.002
04102011 104.158
05102011 105.116
06102011 105.229
07102011 105.898
08102011 105.352
10102011 105.306
11102011 106.646
12102011 107.026
13102011 107.593
14102011 107.471
15102011 108.083
17102011 108.021
18102011 107.232
19102011 107.346
20102011 107.239
21102011 107.300
22102011 107.388
24102011 107.448
25102011 107.546
26102011 107.313
27102011 107.471
28102011 108.844
29102011 108.458
31102011 108.379
01112011 107.260
02112011 106.651
03112011 106.874
04112011 107.151
07112011 107.115
08112011 107.094
09112011 107.227
10112011 105.759
11112011 106.097
14112011 106.919
15112011 106.201
16112011 105.805
17112011 105.578
18112011 105.466
19112011 105.757
21112011 105.581
22112011 105.915
23112011 105.987
24112011 105.091
25112011 105.129
26112011 104.785
28112011 104.795
29112011 105.176
30112011 105.068
01122011 105.452
02122011 105.742
03122011 105.665
05122011 105.756
06122011 105.456
07122011 105.666
08122011 105.338
09122011 105.064
10122011 105.197
12122011 105.284
13122011 104.265
14122011 103.480
15122011 103.209
16122011 103.202
17122011 103.259
19122011 103.259
20122011 103.172
21122011 103.224
22122011 103.089
23122011 103.102
24122011 103.212
26122011 103.078
27122011 103.272
28122011 103.134
29122011 102.797
30122011 102.834
31122011 102.418
02012012 102.357
03012012 102.329
04012012 102.816
05012012 102.169
06012012 101.542
07012012 101.192
09012012 100.961
10012012 101.323
11012012 101.441
12012012 101.186
13012012 101.939
14012012 101.022
16012012 100.820
17012012 100.902
18012012 101.289
19012012 101.818
20012012 102.453
21012012 102.175
23012012 101.797
24012012 102.727
25012012 102.878
26012012 103.200
27012012 103.148
28012012 103.537
30012012 103.616
31012012 102.945
01022012 102.533
02022012 102.863
03022012 102.811
04022012 102.953
06022012 102.777
07022012 102.781
08022012 103.499
09022012 103.752
10022012 104.141
11022012 103.514
13022012 103.678
14022012 103.661
15022012 103.391
16022012 103.111
17022012 103.511
18022012 103.701
20022012 103.942
21022012 104.226
22022012 104.421
23022012 104.756
24022012 105.212
25022012 105.859
27022012 105.825
28022012 105.485
29022012 105.759
01032012 105.071
02032012 104.856
03032012 104.566
05032012 104.464
06032012 104.533
07032012 103.932
08032012 104.233
09032012 104.944
10032012 104.473
12032012 104.412
13032012 104.700
14032012 104.277
15032012 104.236
16032012 104.432
17032012 104.708
19032012 104.735
20032012 105.022
21032012 105.078
22032012 104.910
23032012 104.657
24032012 105.021
26032012 104.806
27032012 105.516
28032012 105.386
29032012 105.418
30032012 105.061
31032012 105.297
02042012 105.368
03042012 104.986
04042012 104.788
05042012 104.166
06042012 103.787
07042012 103.670
09042012 103.638
10042012 103.750
11042012 103.370
12042012 103.538
13042012 103.929
14042012 103.477
16042012 103.359
17042012 103.624
18042012 103.607
19042012 103.440
20042012 103.578
21042012 103.926
23042012 103.736
24042012 103.438
25042012 103.680
26042012 103.829
27042012 103.813
28042012 103.540
30042012 103.474
01052012 103.462
02052012 103.577
03052012 103.074
04052012 103.099
05052012 102.674
07052012 102.211
08052012 102.399
09052012 102.174
10052012 101.725
11052012 101.773
12052012 101.779
14052012 101.668
15052012 101.176
16052012 100.776
17052012 100.826
18052012 100.735
19052012 101.107
21052012 101.107
22052012 101.414
23052012 100.854
24052012 100.307
25052012 99.996
26052012 99.884
28052012 100.237
29052012 99.975
30052012 99.818
31052012 99.172
01062012 99.101
02062012 99.541
04062012 99.471
05062012 100.001
06062012 99.827
07062012 100.505
08062012 100.475
09062012 100.114
11062012 100.976
12062012 100.003
13062012 99.963
14062012 100.487
15062012 100.716
16062012 100.510
18062012 100.759
19062012 100.157
20062012 100.690
21062012 100.876
22062012 100.425
23062012 100.544
25062012 100.455
26062012 99.985
27062012 99.764
28062012 99.796
29062012 99.676
30062012 100.861
02072012 100.892
03072012 100.219
04072012 100.472
05072012 100.207
06072012 99.400
07072012 98.720
09072012 98.597
10072012 98.839
11072012 98.402
12072012 98.449
13072012 98.245
14072012 98.191
16072012 98.364
17072012 98.213
18072012 98.317
19072012 98.205
20072012 97.999
21072012 97.392
23072012 97.123
24072012 97.395
25072012 96.928
26072012 97.539
27072012 98.029
28072012 98.128
30072012 98.070
31072012 97.805
01082012 98.148
02082012 97.969
03082012 97.683
04082012 98.818
06082012 98.991
07082012 98.883
08082012 98.958
09082012 98.627
10082012 98.296
11082012 98.104
13082012 98.081
14082012 98.392
15082012 98.410
16082012 98.192
17082012 98.641
18082012 98.647
20082012 98.738
21082012 98.675
22082012 99.249
23082012 99.260
24082012 99.531
25082012 99.372
27082012 99.361
28082012 99.330
29082012 99.656
30082012 99.439
31082012 99.372
01092012 99.561
03092012 99.536
04092012 99.633
05092012 99.513
06092012 99.678
07092012 100.008
08092012 100.851
10092012 100.836
11092012 100.560
12092012 100.912
13092012 101.112
14092012 101.594
15092012 102.509
17092012 102.520
18092012 102.493
19092012 102.021
20092012 102.061
21092012 101.468
22092012 101.509
24092012 101.485
25092012 101.112
26092012 101.042
27092012 100.799
28092012 100.924
29092012 100.805
01102012 100.801
02102012 101.066
03102012 101.281
04102012 101.407
05102012 101.908
06102012 102.145
08102012 102.108
09102012 101.879
10102012 101.301
11102012 101.408
12102012 101.552
13102012 101.694
15102012 101.700
16102012 101.755
17102012 102.354
18102012 102.771
19102012 102.696
20102012 102.472
22102012 102.455
23102012 102.853
24102012 102.462
25102012 102.173
26102012 101.991
27102012 101.838
29102012 101.845
30102012 101.777
31102012 102.008
01112012 101.949
02112012 101.907
03112012 101.486
05112012 101.476
06112012 101.274
07112012 101.451
08112012 100.995
09112012 100.772
10112012 100.704
12112012 100.699
13112012 100.748
14112012 100.684
15112012 101.158
16112012 101.594
17112012 101.250
19112012 101.366
20112012 101.754
21112012 101.813
22112012 102.036
23112012 102.425
24112012 102.794
26112012 102.831
27112012 102.703
28112012 102.528
29112012 102.725
30112012 102.728
01122012 102.996
03122012 103.046
04122012 103.235
05122012 103.422
06122012 103.411
07122012 102.758
08122012 102.077
10122012 101.861
11122012 102.148
12122012 102.510
13122012 103.108
14122012 103.249
15122012 103.694
17122012 103.734
18122012 103.706
19122012 104.059
20122012 104.197
21122012 104.072
22122012 103.873
24122012 103.926
25122012 104.202
26122012 104.144
27122012 104.503
28122012 104.785
29122012 104.577
31122012 104.492
01012013 104.353
02012013 104.304
03012013 104.312
04012013 103.827
05012013 104.215
07012013 104.233
08012013 104.292
09012013 104.103
10012013 104.120
11012013 105.289
12012013 106.228
14012013 106.228
15012013 106.733
16012013 106.218
17012013 106.183
18012013 107.291
19012013 107.126
21012013 107.124
22012013 107.084
23012013 106.776
24012013 106.794
25012013 107.558
26012013 108.451
28012013 108.413
29012013 108.488
30012013 108.480
31012013 108.978
02022013 109.611
04022013 110.055
05022013 108.867
06022013 109.820
07022013 109.410
08022013 108.537
09022013 107.909
11022013 107.902
12022013 108.498
13022013 108.923
14022013 109.081
15022013 108.393
16022013 108.476
18022013 108.512
19022013 108.732
20022013 108.934
21022013 108.679
22022013 107.746
23022013 107.875
25022013 108.123
26022013 107.366
27022013 106.834
28022013 107.422
01032013 107.046
02032013 107.250
04032013 107.262
05032013 106.997
06032013 107.075
07032013 107.172
08032013 108.088
09032013 107.833
11032013 107.907
12032013 108.192
13032013 108.070
14032013 107.573
15032013 107.595
16032013 107.701
18032013 107.768
19032013 106.763
20032013 106.389
21032013 106.979
22032013 106.326
23032013 106.735
25032013 106.782
26032013 105.842
27032013 105.965
28032013 105.413
29032013 105.517
30032013 105.548
01042013 105.493
02042013 105.471
03042013 105.512
04042013 105.564
05042013 106.715
06042013 107.249
08042013 107.091
09042013 107.728
10042013 108.077
11042013 108.116
12042013 108.190
13042013 108.007
15042013 108.007
16042013 107.269
17042013 108.305
18042013 107.791
19042013 107.936
20042013 108.383
22042013 108.567
23042013 108.252
24042013 108.137
25042013 107.959
26042013 108.274
27042013 108.274
29042013 107.567
30042013 107.845
01052013 108.096
02052013 108.110
03052013 107.493
04052013 108.028
06052013 108.073
07052013 107.880
08052013 107.975
09052013 108.387
10052013 108.153
11052013 108.305
13052013 108.268
14052013 108.381
15052013 108.507
16052013 108.046
17052013 107.924
18052013 108.059
20052013 108.111
21052013 108.026
22052013 108.449
23052013 108.465
24052013 108.684
25052013 108.390
27052013 108.417
28052013 108.448
29052013 108.457
30052013 108.453
31052013 108.780
01062013 108.539
03062013 108.519
04062013 108.470
05062013 108.714
06062013 108.378
07062013 108.554
08062013 108.625
10062013 108.655
11062013 109.154
12062013 108.733
13062013 108.737
14062013 108.729
15062013 108.340
17062013 108.284
18062013 108.605
19062013 109.066
20062013 108.857
21062013 108.662
22062013 108.322
24062013 108.229
25062013 108.349
26062013 108.168
27062013 107.801
28062013 108.306
29062013 108.365
01072013 108.290
02072013 108.792
03072013 108.548
04072013 108.319
05072013 108.062
06072013 108.253
08072013 108.283
09072013 108.435
10072013 108.002
11072013 108.426
12072013 108.998
13072013 109.039
15072013 109.057
16072013 109.145
17072013 109.461
18072013 109.092
19072013 109.233
20072013 109.249
22072013 109.249
23072013 109.135
24072013 109.309
25072013 109.545
26072013 109.697
27072013 109.445
29072013 109.473
01082013 109.357
02082013 109.186
03082013 109.389
05082013 109.387
06082013 109.325
07082013 109.449
08082013 109.529
09082013 109.653
10082013 109.546
12082013 109.540
13082013 109.441
14082013 109.343
15082013 109.328
16082013 109.572
17082013 109.517
19082013 109.506
20082013 109.530
21082013 109.744
22082013 109.574
23082013 109.576
24082013 109.650
26082013 109.644
27082013 109.612
28082013 109.665
29082013 109.535
30082013 109.281
31082013 109.212
02092013 109.228
03092013 109.163
04092013 108.743
05092013 108.902
06092013 108.554
07092013 108.568
09092013 108.597
10092013 109.051
11092013 109.215
12092013 109.226
13092013 109.048
14092013 108.929
16092013 109.064
17092013 109.051
18092013 109.136
19092013 109.404
20092013 109.937
21092013 109.954
23092013 109.989
24092013 109.555
25092013 109.523
26092013 109.712
27092013 109.570
28092013 109.464
30092013 109.265
01102013 109.409
02102013 109.246
03102013 109.508
04102013 109.845
05102013 109.828
07102013 109.882
08102013 109.687
09102013 109.717
10102013 109.780
11102013 109.996
12102013 110.295
14102013 110.293
15102013 110.304
16102013 109.939
17102013 110.238
18102013 110.529
19102013 110.576
21102013 110.569
22102013 110.644
23102013 111.115
24102013 111.025
25102013 111.103
26102013 111.178
28102013 111.187
29102013 111.259
30102013 111.296
31102013 111.352
01112013 110.253
02112013 110.004
04112013 109.973
05112013 110.010
06112013 109.570
07112013 109.853
08112013 109.028
09112013 109.046
11112013 109.061
12112013 109.428
13112013 109.982
14112013 109.885
15112013 109.918
16112013 110.081
18112013 110.111
19112013 110.115
20112013 110.331
21112013 109.582
22112013 109.942
23112013 110.432
25112013 110.403
26112013 110.382
27112013 110.557
28112013 110.642
29112013 110.709
30112013 110.563
02122013 110.580
03122013 110.394
04122013 110.445
05122013 110.399
06122013 110.958
07122013 111.354
09122013 111.438
10122013 111.600
11122013 111.599
16122013 112.097
17122013 112.027
18122013 112.012
19122013 111.772
20122013 111.435
21122013 111.573
23122013 111.580
24122013 111.645
26122013 111.554
27122013 111.649
28122013 111.898
30122013 111.971
31122013 112.092
01012014 111.722
02012014 111.811
03012014 111.326
04012014 110.939
06012014 110.920
07012014 111.167
08012014 111.130
09012014 110.927
10012014 110.900
11012014 111.154
13012014 111.219
14012014 111.140
15012014 111.288
16012014 111.045
17012014 111.054
18012014 110.347
20012014 110.403
21012014 110.551
22012014 110.451
23012014 110.189
24012014 110.761
25012014 110.691
27012014 110.748
28012014 110.565
29012014 110.564
30012014 110.392
31012014 110.030
01022014 109.579
03022014 109.536
04022014 109.831
05022014 109.864
06022014 109.952
07022014 110.467
08022014 110.588
10022014 110.626
11022014 110.669
12022014 110.596
13022014 109.950
14022014 110.376
15022014 110.254
17022014 110.191
18022014 110.401
19022014 110.946
20022014 110.837
21022014 110.764
22022014 110.994
24022014 110.977
25022014 110.880
26022014 110.802
06032014 110.675
07032014 111.569
11032014 111.685
12032014 111.740
13032014 112.001
14032014 111.446
15032014 111.695
17032014 111.703
18032014 111.860
19032014 111.933
20032014 111.665
21032014 111.348
22032014 111.445
24032014 111.462
25032014 111.716
26032014 111.605
27032014 111.277
28032014 110.895
29032014 111.104
31032014 111.098
01042014 111.228
02042014 111.511
03042014 111.406
04042014 111.237
05042014 111.060
07042014 111.080
08042014 111.187
09042014 110.955
10042014 111.314
11042014 111.500
12042014 111.598
14042014 111.622
15042014 111.209
16042014 111.201
17042014 111.243
18042014 111.291
19042014 111.282
21042014 111.289
22042014 111.197
06052014 111.371
07052014 111.407
08052014 111.418
09052014 110.937
10052014 110.580
12052014 110.608
19052014 110.267
20052014 110.282
21052014 110.146
22052014 109.927
23052014 109.862
24052014 109.865
26052014 109.868
27052014 109.915
28052014 109.938
29052014 109.814
30052014 109.855
31052014 110.034
02062014 110.051
03062014 109.961
04062014 110.138
05062014 109.975
06062014 110.187
07062014 110.096
09062014 110.090
10062014 109.796
11062014 109.528
12062014 109.268
13062014 109.335
14062014 108.925
16062014 108.951
17062014 109.062
18062014 108.978
19062014 109.206
20062014 109.295
21062014 109.350
23062014 109.366
24062014 109.349
25062014 109.417
26062014 109.613
27062014 109.348
28062014 109.526
30062014 109.546
01072014 109.597
02072014 109.477
03072014 109.354
04072014 109.297
05072014 109.185
07072014 109.181
08072014 109.261
09072014 109.238
10072014 109.372
11072014 109.083
12072014 109.122
14072014 109.157
15072014 109.338
16072014 108.907
17072014 108.627
18072014 108.589
19072014 108.677
21072014 108.679
22072014 108.683
23072014 108.345
24072014 108.345
25072014 108.505
26072014 108.283
28072014 108.283
29072014 108.311
30072014 108.306
31072014 108.452
01082014 108.496
02082014 108.751
04082014 108.797
05082014 108.690
06082014 108.310
07082014 108.303
08082014 108.220
09082014 108.674
