09082010 1.73647
10082010 1.73552
11082010 1.73627
16082010 1.74477
23082010 1.75192
30082010 1.72192
06092010 1.68557
13092010 1.65107
20092010 1.66922
22092010 1.63967
24092010 1.64897
27092010 1.65123
28092010 1.64718
29092010 1.63181
30092010 1.62940
01102010 1.62534
02102010 1.62747
04102010 1.62442
05102010 1.63536
06102010 1.63612
07102010 1.62630
08102010 1.61724
09102010 1.61798
11102010 1.61612
15102010 1.61202
18102010 1.60882
19102010 1.60372
25102010 1.58832
03112010 1.61262
15112010 1.63482
18112010 1.62022
06122010 1.58916
08122010 1.60200
09122010 1.61276
10122010 1.60269
13122010 1.60504
14122010 1.59085
15122010 1.57897
16122010 1.57487
17122010 1.57836
20122010 1.56828
21122010 1.56073
22122010 1.55052
23122010 1.53950
24122010 1.53608
27122010 1.54154
28122010 1.53431
29122010 1.52071
30122010 1.52195
31122010 1.51583
03012011 1.52412
04012011 1.52263
05012011 1.55015
06012011 1.55181
02022011 1.60259
03022011 1.60455
04022011 1.58864
05022011 1.58716
07022011 1.58773
08022011 1.58919
09022011 1.58288
10022011 1.59124
11022011 1.60151
12022011 1.59645
14022011 1.60030
15022011 1.59803
16022011 1.61994
17022011 1.60299
18022011 1.59800
21022011 1.60218
22022011 1.60633
23022011 1.61577
24022011 1.61741
25022011 1.59794
26022011 1.58330
28022011 1.58589
01032011 1.59633
02032011 1.60430
03032011 1.60592
04032011 1.60133
07032011 1.60275
08032011 1.60175
09032011 1.59973
10032011 1.60363
11032011 1.60561
12032011 1.58399
14032011 1.58499
15032011 1.60080
16032011 1.62250
17032011 1.62825
18032011 1.64501
21032011 1.62854
22032011 1.62000
23032011 1.61927
24032011 1.60160
25032011 1.57745
28032011 1.56025
29032011 1.55913
30032011 1.55336
31032011 1.55668
01042011 1.55065
02042011 1.55155
04042011 1.54846
05042011 1.55558
06042011 1.57606
07042011 1.56350
08042011 1.55956
09042011 1.55284
11042011 1.54875
12042011 1.55799
13042011 1.55444
14042011 1.54780
15042011 1.55289
16042011 1.54255
18042011 1.54314
19042011 1.54682
20042011 1.55022
21042011 1.53520
22042011 1.53758
23042011 1.53563
25042011 1.53687
26042011 1.53836
27042011 1.52780
28042011 1.53069
29042011 1.52276
30042011 1.52374
02052011 1.52329
03052011 1.52186
04052011 1.51601
05052011 1.53660
06052011 1.55011
10052011 1.53060
11052011 1.50909
12052011 1.52777
13052011 1.52658
14052011 1.53181
16052011 1.53147
17052011 1.52963
18052011 1.52938
19052011 1.52077
20052011 1.52058
21052011 1.52193
23052011 1.52545
24052011 1.53294
25052011 1.53345
26052011 1.54117
27052011 1.54064
28052011 1.54091
30052011 1.53698
31052011 1.54092
01062011 1.54031
02062011 1.53857
03062011 1.53254
04062011 1.53221
06062011 1.52956
07062011 1.52761
08062011 1.53430
09062011 1.54409
10062011 1.53991
11062011 1.53734
13062011 1.53991
14062011 1.54530
16062011 1.54272
17062011 1.53156
18062011 1.52384
20062011 1.52271
21062011 1.53250
22062011 1.53182
23062011 1.51926
24062011 1.52039
27062011 1.52190
28062011 1.53047
29062011 1.51708
30062011 1.50401
01072011 1.49617
02072011 1.49012
04072011 1.49960
05072011 1.49755
06072011 1.50200
07072011 1.49648
08072011 1.48223
11072011 1.49479
12072011 1.49414
13072011 1.50200
14072011 1.49905
15072011 1.50743
16072011 1.51554
18072011 1.51426
19072011 1.51433
20072011 1.50350
21072011 1.50426
22072011 1.50465
23072011 1.50212
25072011 1.50833
26072011 1.50177
27072011 1.49733
28072011 1.48220
29072011 1.48793
30072011 1.49400
01082011 1.49100
02082011 1.48588
03082011 1.50943
04082011 1.52780
05082011 1.55264
06082011 1.56574
08082011 1.58391
09082011 1.59818
10082011 1.57082
11082011 1.58232
12082011 1.56927
13082011 1.57239
15082011 1.57106
16082011 1.55946
17082011 1.57152
18082011 1.56761
19082011 1.58853
20082011 1.58331
22082011 1.58605
23082011 1.58113
24082011 1.56850
25082011 1.56354
26082011 1.56131
27082011 1.54552
29082011 1.54425
30082011 1.53993
31082011 1.52265
01092011 1.51873
02092011 1.50691
03092011 1.52243
05092011 1.52264
06092011 1.52772
07092011 1.51689
08092011 1.50040
09092011 1.50962
10092011 1.51874
12092011 1.51784
13092011 1.53336
14092011 1.52892
15092011 1.53671
16092011 1.53055
17092011 1.52346
19092011 1.52639
20092011 1.53555
21092011 1.53492
22092011 1.54348
23092011 1.57332
24092011 1.58601
26092011 1.57798
27092011 1.58592
28092011 1.57675
29092011 1.59076
30092011 1.59597
01102011 1.61131
03102011 1.60994
04102011 1.61469
05102011 1.61697
06102011 1.60193
07102011 1.58417
08102011 1.59080
10102011 1.59394
11102011 1.56931
12102011 1.56182
13102011 1.55073
14102011 1.54583
15102011 1.52852
17102011 1.53241
18102011 1.54599
19102011 1.53054
20102011 1.54325
21102011 1.54237
22102011 1.54200
24102011 1.54086
25102011 1.52624
26102011 1.53369
27102011 1.53510
28102011 1.50198
29102011 1.50478
31102011 1.50590
01112011 1.52702
02112011 1.54379
03112011 1.54109
04112011 1.53995
05112011 1.54425
07112011 1.54266
08112011 1.54762
09112011 1.54827
10112011 1.56871
11112011 1.57035
12112011 1.56270
14112011 1.55474
15112011 1.55946
16112011 1.55382
17112011 1.55968
18112011 1.57809
22112011 1.58747
23112011 1.58769
24112011 1.60142
25112011 1.59305
26112011 1.59033
28112011 1.57844
29112011 1.56710
30112011 1.55657
01122011 1.52967
02122011 1.53176
03122011 1.52442
05122011 1.52207
06122011 1.52171
07122011 1.52066
08122011 1.52667
09122011 1.53785
10122011 1.53278
12122011 1.53234
13122011 1.54769
14122011 1.54529
15122011 1.56294
16122011 1.56337
17122011 1.55609
19122011 1.55485
20122011 1.56452
21122011 1.55576
22122011 1.55472
23122011 1.54725
24122011 1.53761
26122011 1.53420
27122011 1.53704
28122011 1.54269
29122011 1.53083
30122011 1.51942
31122011 1.51698
02012012 1.51535
03012012 1.51605
04012012 1.50738
05012012 1.50613
06012012 1.50839
07012012 1.50688
09012012 1.51134
10012012 1.50899
11012012 1.49977
12012012 1.48635
13012012 1.48428
14012012 1.48643
16012012 1.48365
17012012 1.48643
18012012 1.47756
19012012 1.48062
20012012 1.48716
21012012 1.48333
23012012 1.48350
24012012 1.47714
25012012 1.48842
26012012 1.47717
27012012 1.47703
28012012 1.47590
30012012 1.47797
31012012 1.48122
01022012 1.48402
02022012 1.47979
03022012 1.47546
04022012 1.46749
06022012 1.47061
07022012 1.47482
08022012 1.47269
09022012 1.46509
10022012 1.46668
11022012 1.47594
13022012 1.47447
14022012 1.46759
15022012 1.47201
16022012 1.46829
17022012 1.46884
18022012 1.47793
20022012 1.46971
21022012 1.47411
22022012 1.47915
23022012 1.47240
24022012 1.47085
25022012 1.48466
27022012 1.48844
28022012 1.46980
29022012 1.47712
01032012 1.47903
02032012 1.47790
03032012 1.47401
05032012 1.47400
06032012 1.48745
07032012 1.49214
08032012 1.48747
09032012 1.48486
10032012 1.48181
12032012 1.48326
13032012 1.48843
14032012 1.49044
15032012 1.50020
16032012 1.49230
17032012 1.49581
19032012 1.49395
20032012 1.49796
21032012 1.51332
22032012 1.51749
23032012 1.52315
24032012 1.51525
26032012 1.51338
27032012 1.51591
28032012 1.52438
29032012 1.52869
30032012 1.53623
31032012 1.54422
02042012 1.53898
03042012 1.53777
04042012 1.54069
05042012 1.54882
06042012 1.53553
07042012 1.53922
09042012 1.54222
10042012 1.54074
11042012 1.54751
12042012 1.54445
13042012 1.52987
14042012 1.52804
16042012 1.52737
17042012 1.53492
18042012 1.53230
19042012 1.54786
20042012 1.55359
21042012 1.55447
23042012 1.55383
24042012 1.56354
25042012 1.56791
26042012 1.56156
27042012 1.55806
28042012 1.55387
30042012 1.55550
01052012 1.55752
02052012 1.56977
03052012 1.56779
04052012 1.57710
05052012 1.58589
07052012 1.58843
08052012 1.58726
09052012 1.59755
10052012 1.60491
11052012 1.60075
12052012 1.60241
14052012 1.60386
15052012 1.61503
16052012 1.61096
17052012 1.60593
18052012 1.59548
19052012 1.61265
21052012 1.60543
22052012 1.59735
23052012 1.60487
24052012 1.60778
25052012 1.60509
26052012 1.60447
28052012 1.59781
29052012 1.59284
30052012 1.58848
31052012 1.59276
01062012 1.58235
02062012 1.58628
04062012 1.58319
05062012 1.58228
06062012 1.57894
07062012 1.56163
08062012 1.56866
09062012 1.55899
11062012 1.55237
12062012 1.56916
13062012 1.56524
14062012 1.56034
15062012 1.55610
16062012 1.55668
18062012 1.55197
19062012 1.54846
20062012 1.54343
21062012 1.54348
22062012 1.55386
23062012 1.54765
25062012 1.54913
26062012 1.55608
27062012 1.55388
28062012 1.54472
29062012 1.54397
30062012 1.53053
02072012 1.52937
03072012 1.53234
04072012 1.52604
05072012 1.51719
06072012 1.50884
07072012 1.51533
09072012 1.51720
10072012 1.52220
11072012 1.52377
12072012 1.51320
13072012 1.52199
14072012 1.52341
16072012 1.51950
17072012 1.52499
18072012 1.51743
19072012 1.51012
20072012 1.50771
21072012 1.50473
23072012 1.50789
24072012 1.51049
25072012 1.51359
26072012 1.50249
27072012 1.50893
28072012 1.50136
30072012 1.50198
31072012 1.49596
01082012 1.49164
02082012 1.48616
03082012 1.48338
04082012 1.48160
06082012 1.47641
07082012 1.47612
08082012 1.48182
09082012 1.48075
10082012 1.47771
11082012 1.48284
13082012 1.48449
14082012 1.49209
15082012 1.49475
16082012 1.49286
17082012 1.49648
18082012 1.50559
20082012 1.50483
21082012 1.50313
22082012 1.50566
23082012 1.51082
24082012 1.51944
25082012 1.51864
27082012 1.51683
28082012 1.52287
29082012 1.52427
30082012 1.52863
31082012 1.53329
01092012 1.53675
03092012 1.54324
04092012 1.55009
05092012 1.55225
06092012 1.56064
07092012 1.54985
08092012 1.53959
10092012 1.54359
11092012 1.54668
12092012 1.53951
13092012 1.53987
14092012 1.53205
15092012 1.53713
17092012 1.53669
18092012 1.55093
19092012 1.55471
20092012 1.54648
21092012 1.55311
22092012 1.55532
24092012 1.55359
25092012 1.55674
26092012 1.55844
27092012 1.55986
28092012 1.55466
29092012 1.55596
01102012 1.55755
02102012 1.55593
03102012 1.57268
04102012 1.57494
05102012 1.58072
06102012 1.58614
08102012 1.58809
09102012 1.57182
10102012 1.56753
11102012 1.56402
12102012 1.56325
13102012 1.57111
15102012 1.56603
16102012 1.56741
17102012 1.56815
18102012 1.55496
19102012 1.54776
20102012 1.55075
22102012 1.55131
23102012 1.55145
24102012 1.55418
25102012 1.55032
26102012 1.55703
27102012 1.55211
29102012 1.55312
30102012 1.55130
31102012 1.55074
01112012 1.55473
02112012 1.55054
03112012 1.54939
05112012 1.54713
06112012 1.54165
07112012 1.53249
08112012 1.53493
09112012 1.53465
10112012 1.53023
12112012 1.52872
13112012 1.52263
14112012 1.52059
15112012 1.52719
16112012 1.53424
17112012 1.53707
19112012 1.53536
20112012 1.52749
21112012 1.53434
22112012 1.53854
23112012 1.53407
24112012 1.53294
26112012 1.53153
27112012 1.53153
28112012 1.53292
29112012 1.53032
30112012 1.53740
01122012 1.53717
03122012 1.53312
04122012 1.54468
05122012 1.53758
06122012 1.53860
07122012 1.53202
08122012 1.52882
10122012 1.52740
11122012 1.53181
12122012 1.53130
13122012 1.52934
14122012 1.53208
15122012 1.53071
17122012 1.53185
18122012 1.53641
19122012 1.54298
20122012 1.54941
21122012 1.55290
22122012 1.55316
24122012 1.55253
25122012 1.55470
26122012 1.55345
27122012 1.55522
28122012 1.55246
29122012 1.55727
31122012 1.55817
01012013 1.56191
02012013 1.56040
03012013 1.54890
04012013 1.53727
05012013 1.53355
07012013 1.53456
08012013 1.53468
09012013 1.52996
10012013 1.52418
11012013 1.52449
12012013 1.53009
14012013 1.52822
15012013 1.52259
16012013 1.52098
17012013 1.51414
18012013 1.51888
19012013 1.50931
21012013 1.50659
22012013 1.50470
23012013 1.49940
24012013 1.50140
25012013 1.50792
26012013 1.51715
28012013 1.51206
29012013 1.50699
30012013 1.50576
31012013 1.51650
02022013 1.50904
04022013 1.50399
05022013 1.51081
06022013 1.50368
07022013 1.51835
08022013 1.52801
09022013 1.53108
11022013 1.53087
12022013 1.52313
13022013 1.51930
14022013 1.50241
15022013 1.49612
16022013 1.50696
18022013 1.50213
19022013 1.50136
20022013 1.48878
21022013 1.48769
22022013 1.48908
23022013 1.47660
25022013 1.46186
26022013 1.47674
27022013 1.47828
28022013 1.47880
01032013 1.48458
02032013 1.47346
04032013 1.47395
05032013 1.48232
06032013 1.47539
07032013 1.46485
08032013 1.46148
09032013 1.45882
11032013 1.46143
12032013 1.45240
13032013 1.44360
14032013 1.44761
15032013 1.45332
16032013 1.45018
18032013 1.46011
19032013 1.45261
20032013 1.45580
21032013 1.45563
22032013 1.45345
23032013 1.45886
25032013 1.45808
26032013 1.45066
27032013 1.44557
28032013 1.44794
29032013 1.45905
30032013 1.45915
01042013 1.45713
02042013 1.46127
03042013 1.44536
04042013 1.44748
05042013 1.46008
06042013 1.47518
08042013 1.47583
09042013 1.46448
10042013 1.46060
11042013 1.45358
12042013 1.45898
13042013 1.46031
15042013 1.45957
16042013 1.48308
17042013 1.47885
18042013 1.47998
19042013 1.48392
20042013 1.48048
22042013 1.48128
23042013 1.48838
24042013 1.48448
25042013 1.48425
26042013 1.48368
27042013 1.48368
29042013 1.50558
30042013 1.49734
01052013 1.49819
02052013 1.51393
03052013 1.51587
04052013 1.50833
06052013 1.50871
07052013 1.51563
08052013 1.52007
09052013 1.52802
10052013 1.53214
11052013 1.53391
13052013 1.53443
14052013 1.53652
15052013 1.53942
16052013 1.54028
17052013 1.55659
18052013 1.55944
20052013 1.55673
21052013 1.55399
22052013 1.54539
23052013 1.55120
24052013 1.55011
25052013 1.56689
27052013 1.56854
28052013 1.56783
29052013 1.56212
30052013 1.56921
31052013 1.57620
01062013 1.58746
03062013 1.58041
04062013 1.56923
05062013 1.58675
06062013 1.61463
07062013 1.62312
08062013 1.63716
10062013 1.64867
11062013 1.64620
12062013 1.65770
13062013 1.65593
14062013 1.62877
15062013 1.63745
17062013 1.64303
18062013 1.64470
19062013 1.65036
20062013 1.66317
21062013 1.68379
22062013 1.66986
24062013 1.66868
25062013 1.66655
26062013 1.66521
27062013 1.65103
28062013 1.64456
29062013 1.66333
01072013 1.66720
02072013 1.64853
03072013 1.65743
04072013 1.68492
05072013 1.64727
06072013 1.64458
08072013 1.64229
09072013 1.63732
10072013 1.61756
11072013 1.63757
12072013 1.65540
13072013 1.66682
15072013 1.66483
16072013 1.65829
17072013 1.63821
18072013 1.64765
19072013 1.65954
20072013 1.66200
22072013 1.66222
23072013 1.66093
24072013 1.65491
25072013 1.67132
26072013 1.66257
27072013 1.65954
29072013 1.66063
03092013 1.72528
04092013 1.70695
05092013 1.70459
06092013 1.70713
07092013 1.70075
09092013 1.69740
10092013 1.69946
11092013 1.68905
12092013 1.69605
13092013 1.70576
14092013 1.71627
16092013 1.70582
17092013 1.70693
18092013 1.70019
19092013 1.69530
20092013 1.69729
21092013 1.70213
23092013 1.70778
24092013 1.69916
25092013 1.70425
26092013 1.71619
27092013 1.71452
28092013 1.73291
30092013 1.73303
01102013 1.73534
02102013 1.72363
03102013 1.72930
04102013 1.71852
05102013 1.69803
07102013 1.69823
08102013 1.70632
09102013 1.70469
10102013 1.68910
11102013 1.68755
12102013 1.68521
14102013 1.69288
15102013 1.68309
16102013 1.68118
17102013 1.66923
18102013 1.67888
19102013 1.67127
21102013 1.67224
22102013 1.67214
23102013 1.67211
24102013 1.67916
25102013 1.68502
26102013 1.68778
28102013 1.68560
29102013 1.68631
30102013 1.69282
31102013 1.69275
01112013 1.69601
02112013 1.68753
04112013 1.68533
05112013 1.67960
06112013 1.69052
07112013 1.68689
08112013 1.70102
09112013 1.70678
11112013 1.70429
12112013 1.70931
13112013 1.70929
14112013 1.71858
15112013 1.72322
16112013 1.72109
18112013 1.71891
19112013 1.71677
20112013 1.71152
21112013 1.72456
22112013 1.75312
23112013 1.76823
25112013 1.77009
26112013 1.76357
27112013 1.77537
28112013 1.79324
29112013 1.79319
30112013 1.79631
02122013 1.79282
03122013 1.79629
04122013 1.79479
05122013 1.81410
06122013 1.80246
07122013 1.79606
09122013 1.79213
10122013 1.80372
11122013 1.79623
16122013 1.82794
17122013 1.82124
18122013 1.82760
19122013 1.84902
20122013 1.84853
21122013 1.83135
23122013 1.83080
24122013 1.82965
26122013 1.83058
27122013 1.84630
28122013 1.85652
30122013 1.85928
31122013 1.85335
01012014 1.85404
02012014 1.86352
03012014 1.84366
04012014 1.82966
06012014 1.83080
07012014 1.82993
08012014 1.83904
09012014 1.84648
10012014 1.85309
11012014 1.83179
13012014 1.83158
14012014 1.80860
15012014 1.83459
16012014 1.83735
17012014 1.85565
18012014 1.87226
20012014 1.87093
21012014 1.86676
22012014 1.87179
23012014 1.87384
24012014 1.89803
25012014 1.89444
27012014 1.89631
28012014 1.89375
29012014 1.88992
30012014 1.89588
31012014 1.87589
01022014 1.87868
03022014 1.87449
04022014 1.86250
05022014 1.82695
06022014 1.83105
07022014 1.82086
08022014 1.83129
10022014 1.83109
11022014 1.83414
12022014 1.82006
13022014 1.83747
14022014 1.85302
15022014 1.85269
17022014 1.85082
18022014 1.85027
19022014 1.84659
20022014 1.85404
21022014 1.85149
22022014 1.85500
24022014 1.85158
25022014 1.84350
26022014 1.84935
06032014 1.85038
07032014 1.84028
11032014 1.84032
12032014 1.85332
13032014 1.84851
14032014 1.84070
15032014 1.84293
17032014 1.84765
18032014 1.83043
19032014 1.81808
20032014 1.82898
21032014 1.82564
22032014 1.81498
24032014 1.80920
25032014 1.80712
26032014 1.80323
27032014 1.79701
28032014 1.79353
29032014 1.79924
31032014 1.80116
01042014 1.79784
02042014 1.79880
03042014 1.79923
04042014 1.79751
05042014 1.78559
07042014 1.78474
08042014 1.79262
09042014 1.78944
10042014 1.78834
11042014 1.78245
12042014 1.78128
14042014 1.78047
15042014 1.77552
16042014 1.78780
17042014 1.79174
18042014 1.79976
19042014 1.79971
21042014 1.79745
22042014 1.80032
06052014 1.81942
07052014 1.81477
08052014 1.81668
09052014 1.80588
10052014 1.80053
12052014 1.79859
19052014 1.79706
20052014 1.80324
21052014 1.81971
22052014 1.82927
23052014 1.82823
24052014 1.82233
26052014 1.82272
27052014 1.82225
28052014 1.81489
29052014 1.80989
30052014 1.79746
31052014 1.80104
02062014 1.80074
03062014 1.81143
04062014 1.80816
05062014 1.80424
06062014 1.79985
07062014 1.80079
09062014 1.79924
10062014 1.79551
11062014 1.78715
12062014 1.78896
13062014 1.78699
14062014 1.80491
16062014 1.80581
17062014 1.80605
18062014 1.81671
19062014 1.80807
20062014 1.81305
21062014 1.81256
23062014 1.81439
24062014 1.81055
25062014 1.81181
26062014 1.80666
27062014 1.80920
28062014 1.80796
30062014 1.80642
01072014 1.81507
02072014 1.80642
03072014 1.81884
04072014 1.83475
05072014 1.83211
07072014 1.83288
08072014 1.82737
09072014 1.82232
10072014 1.82196
11072014 1.82341
12072014 1.82303
14072014 1.82502
15072014 1.81769
16072014 1.82941
17072014 1.82951
18072014 1.82811
19072014 1.81896
21072014 1.81832
22072014 1.82166
23072014 1.81624
24072014 1.80140
25072014 1.80319
26072014 1.80705
28072014 1.80669
29072014 1.80433
30072014 1.80563
31072014 1.81324
01082014 1.81657
02082014 1.80604
04082014 1.80728
05082014 1.80610
06082014 1.81383
07082014 1.80177
08082014 1.81431
09082014 1.80819
