01062012 1.49640
02062012 1.48730
04062012 1.48560
05062012 1.47830
06062012 1.48290
07062012 1.48040
08062012 1.48400
09062012 1.48370
11062012 1.47410
12062012 1.48850
13062012 1.49540
14062012 1.48350
15062012 1.48010
16062012 1.48930
18062012 1.48540
19062012 1.49560
20062012 1.48610
21062012 1.48580
22062012 1.49130
23062012 1.48990
25062012 1.48980
26062012 1.49470
27062012 1.50270
28062012 1.49890
29062012 1.49770
30062012 1.48830
02072012 1.48690
03072012 1.49710
04072012 1.49450
05072012 1.49480
06072012 1.50500
07072012 1.51330
09072012 1.51560
10072012 1.51340
11072012 1.51950
12072012 1.52060
13072012 1.51810
14072012 1.52720
16072012 1.52450
17072012 1.52970
18072012 1.52990
19072012 1.53190
20072012 1.53820
21072012 1.54200
23072012 1.54780
24072012 1.53700
25072012 1.54340
26072012 1.53270
27072012 1.53290
28072012 1.53220
30072012 1.53670
31072012 1.53860
01082012 1.52950
02082012 1.52430
03082012 1.53090
04082012 1.51830
06082012 1.51250
07082012 1.51190
08082012 1.51300
09082012 1.52230
10082012 1.52640
11082012 1.53010
13082012 1.53090
14082012 1.52700
15082012 1.52790
16082012 1.53290
17082012 1.52820
18082012 1.52950
20082012 1.52690
21082012 1.52780
22082012 1.51910
23082012 1.52030
24082012 1.51570
25082012 1.51560
27082012 1.51780
28082012 1.51610
29082012 1.51150
30082012 1.51750
31082012 1.51510
01092012 1.51520
03092012 1.51650
04092012 1.51480
05092012 1.51700
06092012 1.51950
07092012 1.51970
08092012 1.51330
10092012 1.51100
11092012 1.51250
12092012 1.50830
13092012 1.50990
14092012 1.51060
15092012 1.50340
17092012 1.50280
18092012 1.50790
19092012 1.50950
20092012 1.50420
21092012 1.51220
22092012 1.51480
24092012 1.51440
25092012 1.51750
26092012 1.51700
27092012 1.51750
28092012 1.52030
29092012 1.51710
01102012 1.51850
02102012 1.51270
03102012 1.51050
04102012 1.50820
05102012 1.50550
06102012 1.50160
08102012 1.49990
09102012 1.49480
10102012 1.50350
11102012 1.50150
12102012 1.49860
13102012 1.49960
15102012 1.50010
16102012 1.49940
17102012 1.49300
18102012 1.48870
19102012 1.48900
20102012 1.48580
22102012 1.48600
23102012 1.48440
24102012 1.48710
25102012 1.49580
26102012 1.50600
27102012 1.50540
29102012 1.50360
30102012 1.50140
31102012 1.49820
01112012 1.50160
02112012 1.50290
03112012 1.50720
05112012 1.50710
06112012 1.50670
07112012 1.50770
08112012 1.51020
09112012 1.51100
10112012 1.50750
12112012 1.50810
13112012 1.50450
14112012 1.50360
15112012 1.49720
16112012 1.49380
17112012 1.50260
19112012 1.50070
20112012 1.49520
21112012 1.49700
22112012 1.49610
23112012 1.49140
24112012 1.48800
26112012 1.48840
27112012 1.48670
28112012 1.49150
29112012 1.48950
30112012 1.48760
01122012 1.48480
03122012 1.48650
04122012 1.48940
05122012 1.49160
06122012 1.49070
07122012 1.49790
08122012 1.49720
10122012 1.50220
11122012 1.49970
12122012 1.50220
13122012 1.49620
14122012 1.48750
15122012 1.48360
17122012 1.48160
18122012 1.48590
19122012 1.48330
20122012 1.48350
21122012 1.48370
22122012 1.48150
24122012 1.48020
25122012 1.47590
26122012 1.47770
27122012 1.47170
28122012 1.47040
29122012 1.47550
31122012 1.47750
01012013 1.48540
02012013 1.48690
03012013 1.49140
04012013 1.48980
05012013 1.48540
07012013 1.48580
08012013 1.48330
09012013 1.48330
10012013 1.48270
11012013 1.47540
12012013 1.47180
14012013 1.47170
15012013 1.47810
16012013 1.49530
17012013 1.48990
18012013 1.49250
19012013 1.48300
21012013 1.48170
22012013 1.47500
23012013 1.47330
24012013 1.47120
25012013 1.46570
26012013 1.46420
28012013 1.46080
29012013 1.45330
30012013 1.45110
31012013 1.44000
01022013 1.44300
02022013 1.42460
04022013 1.42490
05022013 1.43190
06022013 1.42100
07022013 1.42330
08022013 1.44260
09022013 1.44990
11022013 1.45010
12022013 1.43860
13022013 1.43440
14022013 1.42660
15022013 1.42870
16022013 1.43050
18022013 1.43020
19022013 1.42710
20022013 1.42230
21022013 1.41180
22022013 1.42070
23022013 1.41850
25022013 1.40090
26022013 1.40950
27022013 1.41140
28022013 1.41000
01032013 1.41710
02032013 1.41650
04032013 1.41720
05032013 1.42040
06032013 1.42280
07032013 1.42470
08032013 1.41470
09032013 1.42120
11032013 1.41980
12032013 1.41450
13032013 1.41170
14032013 1.42100
15032013 1.42770
16032013 1.41800
18032013 1.42570
19032013 1.42690
20032013 1.43070
21032013 1.42570
22032013 1.43610
23032013 1.43320
25032013 1.43430
26032013 1.43830
27032013 1.43660
28032013 1.44200
29032013 1.44070
30032013 1.44140
01042013 1.44330
02042013 1.44150
03042013 1.43400
04042013 1.43110
05042013 1.43080
06042013 1.42950
08042013 1.43170
09042013 1.42590
10042013 1.42850
11042013 1.42910
12042013 1.43170
13042013 1.42580
15042013 1.42190
16042013 1.42430
17042013 1.41650
18042013 1.42010
19042013 1.42290
20042013 1.42040
22042013 1.41910
23042013 1.42700
24042013 1.43870
25042013 1.44450
26042013 1.45860
27042013 1.45890
29042013 1.45740
30042013 1.45240
01052013 1.44560
02052013 1.44390
03052013 1.45160
04052013 1.45500
06052013 1.45301
07052013 1.45790
08052013 1.45460
09052013 1.45390
10052013 1.46360
11052013 1.46840
13052013 1.47239
14052013 1.46410
15052013 1.46910
16052013 1.46950
17052013 1.47010
18052013 1.47530
20052013 1.47311
21052013 1.47230
22052013 1.46980
23052013 1.47530
24052013 1.46100
25052013 1.45320
27052013 1.45472
28052013 1.45540
29052013 1.46580
30052013 1.45590
31052013 1.45040
01062013 1.45670
03062013 1.45332
04062013 1.44830
05062013 1.44920
06062013 1.45120
07062013 1.45060
08062013 1.45260
10062013 1.45321
11062013 1.45220
12062013 1.44390
13062013 1.44440
14062013 1.44640
15062013 1.44580
17062013 1.44852
18062013 1.45310
19062013 1.43780
20062013 1.43910
21062013 1.43580
22062013 1.43940
24062013 1.43908
25062013 1.44000
26062013 1.44580
27062013 1.44350
28062013 1.44152
29062013 1.43647
01072013 1.43424
02072013 1.43837
03072013 1.44093
04072013 1.44660
05072013 1.44280
06072013 1.43460
08072013 1.43594
09072013 1.44020
10072013 1.44530
11072013 1.44190
12072013 1.43490
13072013 1.42930
15072013 1.42775
16072013 1.43180
17072013 1.42280
18072013 1.42960
19072013 1.43700
20072013 1.43590
22072013 1.43626
23072013 1.43690
24072013 1.43820
25072013 1.43490
26072013 1.43120
27072013 1.42650
29072013 1.42696
30072013 1.42850
31072013 1.41670
01082013 1.40840
02082013 1.41560
03082013 1.41800
05082013 1.42070
06082013 1.42490
07082013 1.42230
08082013 1.42720
09082013 1.42950
10082013 1.43030
12082013 1.43110
13082013 1.43070
14082013 1.44140
15082013 1.45070
16082013 1.44850
17082013 1.44770
19082013 1.44640
20082013 1.44500
21082013 1.43780
22082013 1.44380
23082013 1.43990
24082013 1.43420
26082013 1.43350
27082013 1.43720
28082013 1.42530
29082013 1.43040
30082013 1.44200
31082013 1.44040
02092013 1.44670
03092013 1.45170
04092013 1.45925
05092013 1.46224
06092013 1.47265
07092013 1.46563
09092013 1.46602
10092013 1.46309
11092013 1.47046
12092013 1.47145
13092013 1.47082
14092013 1.47513
16092013 1.47201
17092013 1.47443
18092013 1.47264
19092013 1.47153
20092013 1.45968
21092013 1.45871
23092013 1.45404
24092013 1.46177
25092013 1.46057
26092013 1.46221
27092013 1.46007
28092013 1.46211
30092013 1.46237
01102013 1.46403
02102013 1.46686
03102013 1.46427
04102013 1.45352
05102013 1.45300
07102013 1.45255
08102013 1.45393
09102013 1.45369
10102013 1.45228
11102013 1.45551
12102013 1.45428
14102013 1.45237
15102013 1.45493
16102013 1.46051
17102013 1.45654
18102013 1.45835
19102013 1.45800
21102013 1.45828
22102013 1.45633
23102013 1.45268
24102013 1.44214
25102013 1.44545
26102013 1.44365
28102013 1.44266
29102013 1.44505
30102013 1.44237
31102013 1.44202
01112013 1.45456
02112013 1.45265
04112013 1.45155
05112013 1.45234
06112013 1.46477
07112013 1.46637
08112013 1.47323
09112013 1.47626
11112013 1.47631
12112013 1.47001
13112013 1.45899
14112013 1.46584
15112013 1.47113
16112013 1.47440
18112013 1.47376
19112013 1.47041
20112013 1.46890
21112013 1.47720
22112013 1.47884
23112013 1.47026
25112013 1.47179
26112013 1.47274
27112013 1.46970
28112013 1.47794
29112013 1.48007
30112013 1.48359
02122013 1.48284
03122013 1.48526
04122013 1.48343
05122013 1.47811
06122013 1.46384
07122013 1.45858
09122013 1.45683
10122013 1.46267
11122013 1.45896
16122013 1.44580
17122013 1.44608
18122013 1.43926
19122013 1.45846
20122013 1.47068
21122013 1.46263
23122013 1.46360
24122013 1.46184
26122013 1.46287
27122013 1.47162
28122013 1.46899
30122013 1.46784
31122013 1.46592
01012014 1.47861
02012014 1.47793
03012014 1.47923
04012014 1.48549
06012014 1.48326
07012014 1.48284
08012014 1.49065
09012014 1.49804
10012014 1.49617
11012014 1.48792
13012014 1.48568
14012014 1.47350
15012014 1.48378
16012014 1.48749
17012014 1.47999
18012014 1.49622
20012014 1.49499
21012014 1.49390
22012014 1.49971
23012014 1.51084
24012014 1.49230
25012014 1.47739
27012014 1.47333
28012014 1.48725
29012014 1.48832
30012014 1.48219
31012014 1.48849
01022014 1.49187
03022014 1.48848
04022014 1.46876
05022014 1.47580
06022014 1.47350
07022014 1.46989
08022014 1.47287
10022014 1.47350
11022014 1.47121
12022014 1.47722
13022014 1.49436
14022014 1.48926
15022014 1.49275
17022014 1.49404
18022014 1.48941
19022014 1.48201
20022014 1.48278
21022014 1.48144
22022014 1.47632
24022014 1.47588
25022014 1.48126
26022014 1.47934
06032014 1.48421
07032014 1.47379
11032014 1.46383
12032014 1.45877
13032014 1.45211
14032014 1.45390
15032014 1.45135
17032014 1.45050
18032014 1.45243
19032014 1.44864
20032014 1.45622
21032014 1.45860
22032014 1.45542
24032014 1.45179
25032014 1.45298
26032014 1.45908
27032014 1.46724
28032014 1.47257
29032014 1.47544
31032014 1.47451
01042014 1.47377
02042014 1.46911
03042014 1.47431
04042014 1.47881
05042014 1.47832
07042014 1.47904
08042014 1.47414
09042014 1.47926
10042014 1.47661
11042014 1.47055
12042014 1.46566
14042014 1.46790
15042014 1.47175
16042014 1.47241
17042014 1.48183
18042014 1.48312
19042014 1.48316
21042014 1.48265
22042014 1.48620
23042014 1.48880
24042014 1.48040
25042014 1.48060
26042014 1.47980
28042014 1.47940
29042014 1.47830
30042014 1.48750
01052014 1.48550
02052014 1.48500
03052014 1.48050
05052014 1.48020
06052014 1.47980
07052014 1.48408
08052014 1.48534
09052014 1.48984
10052014 1.49388
12052014 1.49275
19052014 1.50040
20052014 1.50024
21052014 1.50200
22052014 1.50980
23052014 1.50817
24052014 1.50663
26052014 1.50823
27052014 1.50691
28052014 1.50712
29052014 1.50118
30052014 1.50088
31052014 1.50092
02062014 1.49960
03062014 1.50514
04062014 1.50167
05062014 1.50176
06062014 1.49905
07062014 1.50130
09062014 1.50068
10062014 1.50694
11062014 1.50655
12062014 1.51095
13062014 1.51110
14062014 1.52767
16062014 1.52658
17062014 1.52380
18062014 1.52590
19062014 1.52317
20062014 1.52359
21062014 1.52366
23062014 1.52179
24062014 1.52250
25062014 1.51841
26062014 1.51612
27062014 1.52158
28062014 1.51827
30062014 1.51633
01072014 1.51764
02072014 1.52221
03072014 1.52629
04072014 1.53248
05072014 1.53441
07072014 1.53498
08072014 1.53020
09072014 1.52978
10072014 1.52833
11072014 1.52916
12072014 1.52714
14072014 1.52745
15072014 1.52336
16072014 1.53602
17072014 1.53950
18072014 1.53510
19072014 1.53483
21072014 1.53364
22072014 1.53367
23072014 1.53942
24072014 1.53705
25072014 1.53305
26072014 1.53589
28072014 1.53535
29072014 1.53586
30072014 1.53641
31072014 1.53688
01082014 1.53426
02082014 1.52399
04082014 1.52351
05082014 1.52850
06082014 1.53489
07082014 1.52916
08082014 1.52982
09082014 1.51896
