04082010 1.63235
05082010 1.61745
06082010 1.61596
07082010 1.64078
09082010 1.64047
10082010 1.63279
11082010 1.63577
12082010 1.63879
13082010 1.62469
14082010 1.62375
16082010 1.62257
17082010 1.63502
18082010 1.60891
19082010 1.60478
20082010 1.62056
21082010 1.62888
23082010 1.62947
24082010 1.63215
25082010 1.63569
26082010 1.63876
27082010 1.64136
28082010 1.63326
30082010 1.62997
31082010 1.63900
01092010 1.63524
02092010 1.62562
03092010 1.62199
04092010 1.60702
06092010 1.60372
07092010 1.59412
08092010 1.59818
09092010 1.60455
10092010 1.59548
11092010 1.58969
13092010 1.58647
14092010 1.58397
15092010 1.59800
16092010 1.60282
17092010 1.60440
18092010 1.61011
20092010 1.61627
21092010 1.60059
22092010 1.60359
23092010 1.61306
24092010 1.62070
25092010 1.62291
27092010 1.62177
28092010 1.62962
29092010 1.62698
30092010 1.63167
01102010 1.61632
02102010 1.61537
04102010 1.61032
05102010 1.61788
06102010 1.61622
07102010 1.60593
08102010 1.61536
09102010 1.61306
11102010 1.61147
12102010 1.60924
13102010 1.59643
14102010 1.59652
15102010 1.60938
16102010 1.61708
18102010 1.61632
19102010 1.61589
20102010 1.62000
21102010 1.61914
22102010 1.61108
23102010 1.61034
25102010 1.60722
26102010 1.60488
27102010 1.62193
28102010 1.62184
29102010 1.62819
30102010 1.63436
01112010 1.63514
02112010 1.62727
03112010 1.61737
04112010 1.61632
05112010 1.63037
08112010 1.61913
09112010 1.61892
10112010 1.61051
11112010 1.61175
12112010 1.61641
15112010 1.63122
16112010 1.61943
17112010 1.62324
18112010 1.62782
19112010 1.63851
22112010 1.62446
23112010 1.62405
24112010 1.61451
25112010 1.59521
26112010 1.59045
29112010 1.58504
30112010 1.58610
01122010 1.59667
02122010 1.58885
03122010 1.56589
04122010 1.58232
06122010 1.58095
07122010 1.58002
08122010 1.59445
09122010 1.59792
10122010 1.59317
11122010 1.59590
13122010 1.59573
14122010 1.59816
15122010 1.58856
16122010 1.56043
17122010 1.57249
20122010 1.57056
21122010 1.57649
22122010 1.57305
23122010 1.56025
24122010 1.55706
27122010 1.55516
28122010 1.55201
29122010 1.53810
30122010 1.55057
31122010 1.54197
01012011 1.55499
03012011 1.54751
04012011 1.53723
05012011 1.55616
06012011 1.54519
07012011 1.54206
08012011 1.54177
10012011 1.53877
11012011 1.54703
12012011 1.54558
13012011 1.55551
14012011 1.56499
15012011 1.57013
17012011 1.56609
18012011 1.56773
19012011 1.58251
20012011 1.59119
21012011 1.58463
24012011 1.58910
25012011 1.59055
26012011 1.57792
27012011 1.58191
28012011 1.57969
29012011 1.58728
11072011 1.54143
12072011 1.54102
13072011 1.53798
14072011 1.54561
15072011 1.55102
16072011 1.53972
18072011 1.53671
19072011 1.53947
20072011 1.53293
21072011 1.53095
22072011 1.54090
23072011 1.54690
25072011 1.55237
26072011 1.54061
27072011 1.54738
28072011 1.54978
29072011 1.55537
30072011 1.56825
01082011 1.56587
02082011 1.55842
03082011 1.56542
04082011 1.58112
05082011 1.59315
06082011 1.60260
08082011 1.61063
09082011 1.61885
10082011 1.59494
11082011 1.60375
12082011 1.60272
13082011 1.61264
15082011 1.60698
16082011 1.60515
17082011 1.61641
18082011 1.62120
19082011 1.63266
20082011 1.62849
22082011 1.63169
23082011 1.63052
24082011 1.62992
25082011 1.61612
26082011 1.60804
27082011 1.60721
29082011 1.60164
30082011 1.60328
31082011 1.59472
01092011 1.58988
02092011 1.57888
03092011 1.59664
05092011 1.59352
06092011 1.59576
07092011 1.57826
08092011 1.57469
09092011 1.57760
10092011 1.58161
12092011 1.57915
13092011 1.57392
14092011 1.55579
15092011 1.56319
16092011 1.55469
17092011 1.54629
19092011 1.54277
20092011 1.55398
21092011 1.56271
22092011 1.56065
23092011 1.57779
24092011 1.59445
26092011 1.59029
27092011 1.59979
28092011 1.59492
29092011 1.60852
30092011 1.61888
01102011 1.63468
03102011 1.63082
04102011 1.62641
05102011 1.62834
06102011 1.60836
07102011 1.60423
08102011 1.61522
10102011 1.61591
11102011 1.60844
12102011 1.60522
13102011 1.60285
14102011 1.60816
15102011 1.59720
17102011 1.60001
18102011 1.60987
19102011 1.59509
20102011 1.60869
21102011 1.60347
22102011 1.60974
24102011 1.60840
25102011 1.60366
26102011 1.62461
27102011 1.60450
28102011 1.59570
29102011 1.59926
31102011 1.59818
01112011 1.60937
02112011 1.62651
03112011 1.61625
04112011 1.61490
05112011 1.63291
07112011 1.63292
08112011 1.62540
09112011 1.62349
10112011 1.62731
11112011 1.62061
14112011 1.62180
15112011 1.61707
16112011 1.61432
17112011 1.60989
18112011 1.61967
22112011 1.62711
23112011 1.62095
24112011 1.62550
25112011 1.62124
26112011 1.62097
28112011 1.61484
29112011 1.60594
30112011 1.60743
01122011 1.60114
02122011 1.59156
03122011 1.58758
05122011 1.58756
06122011 1.59101
07122011 1.57471
08122011 1.58640
09122011 1.59591
10122011 1.59491
12122011 1.59442
13122011 1.59932
14122011 1.59934
15122011 1.60899
16122011 1.60592
17122011 1.60923
19122011 1.60983
20122011 1.60812
21122011 1.61444
22122011 1.61017
23122011 1.60133
24122011 1.59226
26122011 1.58864
27122011 1.59443
28122011 1.59735
29122011 1.58247
30122011 1.57225
31122011 1.57894
02012012 1.58012
03012012 1.58021
04012012 1.58069
05012012 1.58157
06012012 1.57827
07012012 1.58358
09012012 1.58363
10012012 1.58173
11012012 1.57315
12012012 1.56174
13012012 1.56280
14012012 1.56618
16012012 1.56466
17012012 1.55936
18012012 1.55710
19012012 1.56174
20012012 1.56512
21012012 1.57557
23012012 1.57535
24012012 1.56828
25012012 1.57578
26012012 1.57264
27012012 1.57154
28012012 1.57363
30012012 1.57426
31012012 1.57393
01022012 1.57949
02022012 1.58098
03022012 1.57904
04022012 1.57213
06022012 1.57306
07022012 1.57689
08022012 1.58251
09022012 1.57530
10022012 1.57398
11022012 1.57739
13022012 1.57827
14022012 1.57566
15022012 1.56850
16022012 1.56773
17022012 1.57395
18022012 1.57785
20022012 1.57485
21022012 1.57373
22022012 1.57258
23022012 1.56624
24022012 1.56959
25022012 1.58900
27022012 1.59045
28022012 1.57984
29022012 1.58256
01032012 1.57451
02032012 1.57239
03032012 1.56469
05032012 1.56533
06032012 1.57696
07032012 1.57451
08032012 1.57157
09032012 1.56640
10032012 1.55128
12032012 1.55267
13032012 1.55236
14032012 1.55258
15032012 1.55699
16032012 1.55935
17032012 1.57011
19032012 1.56914
20032012 1.56918
21032012 1.57275
22032012 1.57389
23032012 1.58105
24032012 1.58472
26032012 1.57914
27032012 1.58291
28032012 1.58744
29032012 1.58596
30032012 1.58948
31032012 1.59547
02042012 1.59656
03042012 1.58781
04042012 1.57619
05042012 1.58296
06042012 1.57230
07042012 1.58296
09042012 1.58400
10042012 1.58458
11042012 1.59337
12042012 1.59713
13042012 1.58733
14042012 1.58186
16042012 1.58251
17042012 1.58904
18042012 1.57738
19042012 1.58811
20042012 1.59794
21042012 1.59998
23042012 1.59838
24042012 1.59835
25042012 1.59418
26042012 1.59034
27042012 1.59333
28042012 1.59478
30042012 1.59603
01052012 1.60312
02052012 1.59883
03052012 1.59785
04052012 1.59995
05052012 1.60760
07052012 1.60626
08052012 1.60788
09052012 1.61279
10052012 1.61596
11052012 1.61786
12052012 1.60857
14052012 1.60659
15052012 1.61404
16052012 1.61056
17052012 1.61084
18052012 1.61047
19052012 1.61619
21052012 1.61462
22052012 1.61051
23052012 1.61021
24052012 1.60876
25052012 1.60922
26052012 1.61186
28052012 1.61025
29052012 1.60555
30052012 1.59936
31052012 1.59348
01062012 1.59186
02062012 1.59709
04062012 1.59484
05062012 1.60006
06062012 1.59650
07062012 1.59313
08062012 1.59664
09062012 1.58850
11062012 1.58458
12062012 1.59734
13062012 1.59918
14062012 1.59719
15062012 1.59267
16062012 1.60456
18062012 1.60327
19062012 1.60445
20062012 1.60151
21062012 1.60058
22062012 1.60450
23062012 1.59645
25062012 1.59857
26062012 1.60230
27062012 1.60148
28062012 1.59633
29062012 1.60245
30062012 1.59415
02072012 1.59567
03072012 1.59811
04072012 1.58862
05072012 1.57971
06072012 1.57471
07072012 1.57750
09072012 1.57921
10072012 1.58297
11072012 1.58689
12072012 1.58104
13072012 1.57184
14072012 1.58013
16072012 1.57823
17072012 1.58637
18072012 1.58435
19072012 1.58177
20072012 1.58444
21072012 1.58138
23072012 1.58445
24072012 1.57848
25072012 1.58307
26072012 1.57324
27072012 1.58417
28072012 1.57923
30072012 1.57941
31072012 1.57373
01082012 1.57243
02082012 1.56185
03082012 1.56245
04082012 1.56713
06082012 1.56328
07082012 1.56008
08082012 1.55936
09082012 1.55687
10082012 1.55068
11082012 1.55414
13082012 1.55390
14082012 1.55675
15082012 1.55566
16082012 1.55107
17082012 1.55283
18082012 1.55220
20082012 1.55259
21082012 1.55263
22082012 1.56108
23082012 1.57291
24082012 1.57618
25082012 1.56698
27082012 1.56931
28082012 1.56459
29082012 1.56296
30082012 1.56620
31082012 1.56658
01092012 1.56504
03092012 1.56810
04092012 1.56642
05092012 1.56481
06092012 1.57549
07092012 1.56635
08092012 1.56577
10092012 1.56540
11092012 1.56290
12092012 1.56378
13092012 1.57226
14092012 1.56388
15092012 1.57552
17092012 1.57390
18092012 1.58394
19092012 1.58308
20092012 1.58066
21092012 1.58361
22092012 1.58653
24092012 1.58347
25092012 1.58726
26092012 1.58724
27092012 1.59221
28092012 1.59243
29092012 1.58743
01102012 1.58863
02102012 1.58520
03102012 1.58832
04102012 1.58775
05102012 1.58763
06102012 1.57886
08102012 1.57638
09102012 1.56592
10102012 1.56437
11102012 1.57019
12102012 1.57059
13102012 1.57426
15102012 1.57127
16102012 1.57445
17102012 1.59014
18102012 1.57907
19102012 1.58060
20102012 1.58977
22102012 1.59180
23102012 1.58897
24102012 1.58318
25102012 1.59452
26102012 1.60335
27102012 1.60601
29102012 1.60659
30102012 1.60436
31102012 1.60638
01112012 1.61156
02112012 1.60715
03112012 1.59454
05112012 1.59274
06112012 1.59219
07112012 1.58629
08112012 1.59351
09112012 1.59753
10112012 1.59091
12112012 1.59032
13112012 1.58662
14112012 1.58947
15112012 1.59027
16112012 1.58758
17112012 1.59070
19112012 1.59000
20112012 1.58458
21112012 1.58845
22112012 1.58926
23112012 1.58944
24112012 1.59115
26112012 1.58943
27112012 1.59152
28112012 1.59238
29112012 1.58759
30112012 1.59152
01122012 1.59095
03122012 1.58964
04122012 1.60079
05122012 1.59870
06122012 1.59552
07122012 1.59122
08122012 1.58727
10122012 1.58252
11122012 1.58569
12122012 1.58934
13122012 1.58984
14122012 1.58711
15122012 1.59459
17122012 1.59423
18122012 1.59473
19122012 1.60083
20122012 1.60562
21122012 1.60769
22122012 1.60666
24122012 1.60477
25122012 1.59795
26122012 1.59825
27122012 1.60360
28122012 1.60253
29122012 1.60908
31122012 1.61068
01012013 1.61257
02012013 1.61083
03012013 1.60186
04012013 1.59003
05012013 1.58545
07012013 1.58546
08012013 1.58845
09012013 1.58499
10012013 1.58181
11012013 1.58947
12012013 1.58622
14012013 1.58753
15012013 1.58254
16012013 1.58048
17012013 1.57817
18012013 1.57708
19012013 1.57453
21012013 1.57107
22012013 1.57151
23012013 1.57276
24012013 1.58280
25012013 1.58372
26012013 1.59221
28012013 1.58554
29012013 1.57946
30012013 1.57912
31012013 1.58154
01022013 1.58177
02022013 1.56657
04022013 1.56316
05022013 1.57313
06022013 1.55939
07022013 1.56026
08022013 1.56806
09022013 1.58403
11022013 1.58335
12022013 1.57500
13022013 1.56977
14022013 1.55701
15022013 1.55064
16022013 1.56269
18022013 1.55797
19022013 1.56273
20022013 1.56070
21022013 1.55187
22022013 1.55390
23022013 1.55910
25022013 1.54006
26022013 1.55860
27022013 1.55219
28022013 1.55013
01032013 1.56241
02032013 1.54441
04032013 1.54461
05032013 1.55302
06032013 1.55316
07032013 1.54773
08032013 1.54500
09032013 1.53631
11032013 1.53445
12032013 1.53134
13032013 1.52920
14032013 1.53286
15032013 1.54190
16032013 1.53848
18032013 1.54523
19032013 1.54277
20032013 1.55058
21032013 1.54933
22032013 1.55397
23032013 1.55929
25032013 1.55851
26032013 1.55021
27032013 1.54063
28032013 1.53754
29032013 1.54356
30032013 1.54580
01042013 1.54525
02042013 1.54819
03042013 1.53233
04042013 1.53530
05042013 1.54270
06042013 1.55883
08042013 1.55843
09042013 1.55118
10042013 1.55652
11042013 1.55449
12042013 1.55485
13042013 1.55633
15042013 1.55564
16042013 1.56641
17042013 1.56888
18042013 1.56424
19042013 1.56782
20042013 1.56294
22042013 1.56143
23042013 1.56773
24042013 1.56409
25042013 1.56574
26042013 1.56523
27042013 1.56523
29042013 1.57381
30042013 1.56752
01052013 1.56476
02052013 1.56771
03052013 1.56663
04052013 1.56849
06052013 1.56599
07052013 1.56456
08052013 1.55466
09052013 1.55869
10052013 1.55599
11052013 1.55297
13052013 1.55271
14052013 1.54643
15052013 1.54862
16052013 1.54857
17052013 1.55585
18052013 1.56059
20052013 1.56155
21052013 1.56201
22052013 1.55552
23052013 1.56008
24052013 1.55561
25052013 1.56083
27052013 1.55956
28052013 1.56107
29052013 1.56420
30052013 1.56604
31052013 1.56843
01062013 1.57492
03062013 1.57670
04062013 1.57411
05062013 1.58337
06062013 1.59321
07062013 1.60068
08062013 1.58608
10062013 1.58507
11062013 1.58720
12062013 1.59408
13062013 1.60116
14062013 1.59601
15062013 1.59715
17062013 1.59924
18062013 1.60128
19062013 1.59704
20062013 1.59119
21062013 1.60634
22062013 1.61224
24062013 1.61118
25062013 1.61900
26062013 1.62164
27062013 1.60504
28062013 1.59865
29062013 1.59947
01072013 1.59959
02072013 1.59698
03072013 1.59832
04072013 1.60516
05072013 1.58577
06072013 1.57438
08072013 1.57399
09072013 1.57884
10072013 1.56523
11072013 1.56907
12072013 1.57820
13072013 1.56990
15072013 1.56890
16072013 1.57278
17072013 1.57155
18072013 1.58414
19072013 1.57941
20072013 1.58333
22072013 1.58166
23072013 1.58789
24072013 1.58175
25072013 1.57923
26072013 1.57998
27072013 1.58054
29072013 1.58085
03092013 1.64165
04092013 1.63865
05092013 1.64003
06092013 1.63761
07092013 1.62678
09092013 1.62544
10092013 1.62834
11092013 1.62797
12092013 1.63207
13092013 1.63196
14092013 1.64241
16092013 1.64364
17092013 1.64176
18092013 1.63759
19092013 1.64682
20092013 1.64526
21092013 1.64943
23092013 1.64887
24092013 1.65045
25092013 1.64857
26092013 1.65859
27092013 1.65388
28092013 1.66313
30092013 1.66528
01102013 1.66747
02102013 1.67316
03102013 1.67685
04102013 1.66897
05102013 1.64860
07102013 1.64860
08102013 1.65933
09102013 1.66700
10102013 1.65816
11102013 1.66036
12102013 1.65201
14102013 1.65569
15102013 1.65401
16102013 1.65990
17102013 1.64741
18102013 1.66370
19102013 1.66419
21102013 1.66384
22102013 1.66343
23102013 1.67011
24102013 1.67868
25102013 1.68920
26102013 1.69145
28102013 1.68791
29102013 1.68512
30102013 1.67958
31102013 1.68104
01112013 1.67176
02112013 1.66041
04112013 1.65899
05112013 1.66404
06112013 1.67861
07112013 1.67555
08112013 1.68048
09112013 1.67818
11112013 1.67690
12112013 1.67469
13112013 1.66718
14112013 1.67678
15112013 1.68316
16112013 1.68332
18112013 1.68246
19112013 1.67885
20112013 1.68835
21112013 1.68232
22112013 1.70114
23112013 1.70666
25112013 1.70720
26112013 1.70458
27112013 1.71017
28112013 1.72460
29112013 1.73090
30112013 1.73656
02122013 1.73776
03122013 1.73851
04122013 1.74645
05122013 1.74954
06122013 1.74002
07122013 1.74237
09122013 1.74011
10122013 1.74754
11122013 1.74508
16122013 1.72894
17122013 1.72564
18122013 1.72611
19122013 1.75060
20122013 1.74582
21122013 1.74126
23122013 1.73778
24122013 1.73381
26122013 1.73643
27122013 1.74737
28122013 1.76290
30122013 1.76373
31122013 1.75766
01012014 1.76026
02012014 1.76521
03012014 1.75090
04012014 1.74345
06012014 1.74387
07012014 1.74766
08012014 1.76626
09012014 1.77734
10012014 1.78983
11012014 1.79436
13012014 1.79717
14012014 1.77846
15012014 1.79939
16012014 1.79299
17012014 1.78622
18012014 1.80161
20012014 1.79993
21012014 1.80080
22012014 1.80932
23012014 1.83695
24012014 1.84816
25012014 1.82668
27012014 1.82355
28012014 1.83904
29012014 1.84849
30012014 1.84929
31012014 1.84156
01022014 1.82845
03022014 1.82596
04022014 1.80922
05022014 1.80702
06022014 1.80672
07022014 1.80633
08022014 1.81028
10022014 1.80994
11022014 1.81200
12022014 1.81126
13022014 1.82514
14022014 1.82791
15022014 1.83826
17022014 1.84110
18022014 1.83076
19022014 1.82549
20022014 1.84991
21022014 1.85062
22022014 1.85199
24022014 1.84700
25022014 1.84298
26022014 1.84795
06032014 1.84364
07032014 1.83881
11032014 1.84936
12032014 1.84477
13032014 1.84756
14032014 1.83666
15032014 1.84580
17032014 1.84569
18032014 1.83856
19032014 1.84749
20032014 1.85917
21032014 1.85504
22032014 1.84885
24032014 1.84627
25032014 1.84717
26032014 1.84428
27032014 1.83897
28032014 1.83249
29032014 1.84104
31032014 1.84145
01042014 1.84303
02042014 1.83502
03042014 1.83488
04042014 1.83117
05042014 1.82029
07042014 1.81947
08042014 1.82219
09042014 1.82919
10042014 1.82552
11042014 1.83411
12042014 1.83727
14042014 1.83647
15042014 1.83260
16042014 1.83570
17042014 1.85101
18042014 1.84927
19042014 1.85060
21042014 1.84985
22042014 1.84972
06052014 1.85002
07052014 1.84742
08052014 1.84686
09052014 1.83328
10052014 1.83604
12052014 1.83566
19052014 1.82494
20052014 1.82799
21052014 1.83543
22052014 1.84505
23052014 1.83736
24052014 1.82873
26052014 1.82986
27052014 1.82914
28052014 1.82541
29052014 1.81738
30052014 1.81165
31052014 1.81736
02062014 1.81764
03062014 1.82531
04062014 1.82698
05062014 1.83101
06062014 1.83693
07062014 1.83665
09062014 1.83560
10062014 1.83212
11062014 1.82692
12062014 1.82432
13062014 1.82762
14062014 1.84244
16062014 1.84205
17062014 1.84067
18062014 1.84258
19062014 1.84293
20062014 1.84386
21062014 1.82959
23062014 1.82952
24062014 1.82510
25062014 1.82471
26062014 1.82055
27062014 1.82085
28062014 1.81654
30062014 1.81510
01072014 1.82578
02072014 1.82367
03072014 1.83110
04072014 1.82460
05072014 1.82823
07072014 1.82728
08072014 1.82926
09072014 1.82920
10072014 1.82856
11072014 1.82463
12072014 1.83755
14072014 1.83734
15072014 1.83006
16072014 1.84434
17072014 1.84139
18072014 1.84009
19072014 1.83433
21072014 1.83318
22072014 1.83246
23072014 1.83184
24072014 1.82790
25072014 1.82506
26072014 1.83590
28072014 1.83615
29072014 1.83398
30072014 1.83965
31072014 1.84318
01082014 1.84088
02082014 1.83759
04082014 1.83739
05082014 1.83886
06082014 1.85008
07082014 1.83852
08082014 1.83884
09082014 1.84069
