01062012 120.690
02062012 120.030
04062012 119.910
05062012 120.390
06062012 120.970
07062012 122.420
08062012 123.860
09062012 122.730
11062012 123.460
12062012 123.090
13062012 123.600
14062012 123.400
15062012 123.080
16062012 123.340
18062012 123.750
19062012 123.830
20062012 124.330
21062012 125.010
22062012 125.140
23062012 125.380
25062012 125.190
26062012 123.840
27062012 124.160
28062012 123.990
29062012 122.950
30062012 125.260
02072012 125.320
03072012 124.510
04072012 125.310
05072012 124.530
06072012 123.990
07072012 123.290
09072012 123.210
10072012 123.560
11072012 123.210
12072012 123.660
13072012 122.270
14072012 123.250
16072012 123.440
17072012 123.190
18072012 123.550
19072012 123.260
20072012 123.460
21072012 122.560
23072012 122.530
24072012 121.680
25072012 121.130
26072012 121.180
27072012 122.660
28072012 123.570
30072012 123.410
31072012 122.710
01082012 122.470
02082012 121.840
03082012 121.280
04082012 122.880
06082012 122.670
07082012 121.960
08082012 123.080
09082012 122.840
10082012 122.650
11082012 122.550
13082012 122.550
14082012 122.830
15082012 123.530
16082012 123.710
17082012 124.850
18082012 124.770
20082012 124.920
21082012 124.620
22082012 125.140
23082012 125.010
24082012 124.480
25082012 124.420
27082012 124.460
28082012 124.280
29082012 124.120
30082012 124.650
31082012 123.900
01092012 124.170
03092012 124.370
04092012 124.360
05092012 124.430
06092012 124.610
07092012 125.740
08092012 125.200
10092012 125.290
11092012 125.190
12092012 124.970
13092012 125.430
14092012 124.900
15092012 126.990
17092012 127.050
18092012 127.890
19092012 127.780
20092012 126.970
21092012 126.700
22092012 126.940
24092012 126.870
25092012 126.130
26092012 126.220
27092012 125.490
28092012 125.990
29092012 126.080
01102012 125.850
02102012 125.890
03102012 126.100
04102012 126.160
05102012 126.860
06102012 127.110
08102012 126.870
09102012 125.450
10102012 125.020
11102012 125.020
12102012 125.550
13102012 125.980
15102012 126.090
16102012 126.480
17102012 127.070
18102012 127.370
19102012 127.490
20102012 126.880
22102012 126.890
23102012 127.790
24102012 127.190
25102012 127.850
26102012 129.340
27102012 128.240
29102012 128.150
30102012 127.940
31102012 127.930
01112012 128.560
02112012 129.240
03112012 128.750
05112012 128.740
06112012 128.110
07112012 128.570
08112012 127.720
09112012 126.930
10112012 126.250
12112012 126.370
13112012 126.080
14112012 126.030
15112012 127.120
16112012 128.720
17112012 129.170
19112012 129.260
20112012 129.070
21112012 129.970
22112012 131.440
23112012 131.280
24112012 132.140
26112012 131.990
27112012 131.500
28112012 131.760
29112012 131.100
30112012 131.660
01122012 132.160
03122012 131.920
04122012 132.280
05122012 131.750
06122012 132.560
07122012 132.090
08122012 132.000
10122012 132.290
11122012 132.330
12122012 132.920
13122012 134.400
14122012 134.530
15122012 134.960
17122012 136.310
18122012 135.670
19122012 136.710
20122012 137.320
21122012 137.410
22122012 135.980
24122012 136.240
25122012 136.740
26122012 136.840
27122012 137.930
28122012 138.340
29122012 139.020
31122012 138.770
01012013 140.590
02012013 141.000
03012013 141.390
04012013 140.610
05012013 141.550
07012013 141.600
08012013 141.110
09012013 140.020
10012013 140.630
11012013 142.390
12012013 143.760
14012013 144.000
15012013 143.560
16012013 142.400
17012013 141.710
18012013 143.790
19012013 142.850
21012013 142.750
22012013 141.990
23012013 140.670
24012013 140.310
25012013 141.900
26012013 143.900
28012013 143.460
29012013 142.360
30012013 142.840
31012013 143.810
01022013 144.800
02022013 145.440
04022013 145.540
05022013 145.570
06022013 146.060
07022013 146.140
08022013 146.770
09022013 146.680
11022013 146.480
12022013 146.440
13022013 146.270
14022013 145.310
15022013 144.000
16022013 145.090
18022013 145.230
19022013 145.230
20022013 143.960
21022013 143.090
22022013 141.780
23022013 142.460
25022013 142.500
26022013 140.880
27022013 139.010
28022013 138.990
01032013 140.690
02032013 140.480
04032013 140.820
05032013 140.810
06032013 141.040
07032013 141.150
08032013 142.610
09032013 143.080
11032013 143.150
12032013 143.680
13032013 142.970
14032013 143.300
15032013 144.810
16032013 143.950
18032013 142.990
19032013 144.060
20032013 143.550
21032013 144.850
22032013 143.990
23032013 143.780
25032013 143.900
26032013 142.750
27032013 143.180
28032013 142.740
29032013 142.920
30032013 143.120
01042013 143.180
02042013 142.140
03042013 141.130
04042013 140.520
05042013 146.260
06042013 149.160
08042013 150.330
09042013 151.270
10042013 152.070
11042013 152.700
12042013 153.680
13042013 151.950
15042013 150.680
16042013 149.510
17042013 150.060
18042013 148.760
19042013 150.000
20042013 151.170
22042013 152.000
23042013 151.510
24042013 151.580
25042013 151.660
26042013 153.320
27042013 151.820
29042013 151.660
30042013 151.860
01052013 151.520
02052013 151.440
03052013 152.250
04052013 154.200
06052013 154.224
07052013 154.500
08052013 153.330
09052013 153.730
10052013 155.500
11052013 155.900
13052013 156.429
14052013 155.780
15052013 155.800
16052013 155.660
17052013 156.090
18052013 156.270
20052013 156.089
21052013 155.930
22052013 155.430
23052013 155.550
24052013 153.710
25052013 152.610
27052013 152.839
28052013 152.590
29052013 153.610
30052013 152.670
31052013 153.520
01062013 153.030
03062013 152.675
04062013 152.050
05062013 152.930
06062013 152.800
07062013 151.360
08062013 151.600
10062013 151.789
11062013 153.610
12062013 149.580
13062013 150.250
14062013 148.490
15062013 147.770
17062013 148.051
18062013 149.080
19062013 148.970
20062013 149.170
21062013 151.640
22062013 150.580
24062013 150.500
25062013 150.840
26062013 150.610
27062013 149.500
28062013 149.978
29062013 150.859
01072013 150.788
02072013 151.547
03072013 152.499
04072013 152.660
05072013 150.780
06072013 150.610
08072013 150.616
09072013 150.750
10072013 149.950
11072013 149.830
12072013 150.170
13072013 150.060
15072013 150.078
16072013 150.680
17072013 149.960
18072013 151.420
19072013 152.930
20072013 153.030
22072013 153.276
23072013 152.820
24072013 153.000
25072013 153.430
26072013 152.810
27072013 150.870
29072013 150.799
30072013 149.990
31072013 149.300
01082013 149.190
02082013 150.450
03082013 151.190
05082013 151.250
06082013 151.210
07082013 150.110
08082013 149.580
09082013 149.800
10082013 149.470
12082013 149.160
13082013 149.300
14082013 151.720
15082013 152.200
16082013 152.320
17082013 152.510
19082013 152.460
20082013 152.900
21082013 152.390
22082013 153.130
23082013 153.830
24082013 153.650
26082013 153.400
27082013 153.560
28082013 150.770
29082013 151.630
30082013 152.180
31082013 151.920
02092013 152.810
03092013 154.310
04092013 155.267
05092013 155.720
06092013 156.089
07092013 154.836
09092013 155.667
10092013 156.307
11092013 157.833
12092013 157.978
13092013 157.169
14092013 157.525
16092013 157.390
17092013 157.620
18092013 157.684
19092013 157.982
20092013 159.354
21092013 159.094
23092013 158.659
24092013 158.493
25092013 158.023
26092013 158.316
27092013 158.573
28092013 158.577
30092013 157.698
01102013 159.131
02102013 158.527
03102013 158.063
04102013 157.218
05102013 156.108
07102013 155.731
08102013 155.853
09102013 155.800
10102013 155.328
11102013 156.898
12102013 157.256
14102013 157.012
15102013 157.616
16102013 157.213
17102013 157.539
18102013 158.219
19102013 158.179
21102013 158.193
22102013 158.556
23102013 159.268
24102013 157.413
25102013 157.631
26102013 157.571
28102013 157.900
29102013 157.675
30102013 157.503
31102013 158.127
01112013 157.641
02112013 157.263
04112013 157.150
05112013 157.366
06112013 158.200
07112013 158.702
08112013 157.495
09112013 158.650
11112013 158.677
12112013 158.656
13112013 158.383
14112013 159.209
15112013 160.632
16112013 161.478
18112013 161.576
19112013 161.078
20112013 161.476
21112013 161.063
22112013 163.392
23112013 164.209
25112013 164.399
26112013 164.140
27112013 164.187
28112013 166.222
29112013 167.105
30112013 167.609
02122013 167.721
03122013 168.525
04122013 167.868
05122013 167.281
06122013 166.160
07122013 168.188
09122013 168.446
10122013 169.580
11122013 168.963
16122013 168.209
17122013 167.891
18122013 166.973
19122013 170.077
20122013 170.528
21122013 169.945
23122013 169.900
24122013 170.171
26122013 170.616
27122013 171.920
28122013 173.039
30122013 173.355
31122013 173.608
01012014 174.383
02012014 174.716
03012014 171.943
04012014 171.863
06012014 171.957
07012014 171.041
08012014 171.431
09012014 172.405
10012014 172.539
11012014 171.385
13012014 171.465
14012014 168.592
15012014 171.255
16012014 171.212
17012014 170.661
18012014 171.278
20012014 171.122
21012014 171.159
22012014 171.806
23012014 173.089
24012014 171.557
25012014 168.875
27012014 167.847
28012014 170.261
29012014 170.520
30012014 169.108
31012014 169.241
01022014 168.137
03022014 167.760
04022014 164.443
05022014 165.828
06022014 165.263
07022014 166.671
08022014 167.882
10022014 168.101
11022014 167.635
12022014 168.795
13022014 170.064
14022014 170.368
15022014 170.535
17022014 170.447
18022014 170.251
19022014 170.690
20022014 170.877
21022014 170.428
22022014 170.611
24022014 170.487
25022014 170.800
26022014 170.378
06032014 171.627
07032014 172.512
11032014 171.826
12032014 171.089
13032014 170.677
14032014 168.831
15032014 168.529
17032014 168.488
18032014 169.244
19032014 168.201
20032014 169.448
21032014 169.025
22032014 168.438
24032014 168.274
25032014 168.601
26032014 169.017
27032014 169.182
28032014 169.704
29032014 171.109
31032014 171.310
01042014 172.088
02042014 172.442
03042014 172.667
04042014 172.372
05042014 171.194
07042014 171.204
08042014 171.238
09042014 170.313
10042014 171.186
11042014 170.207
12042014 170.087
14042014 170.005
15042014 170.257
16042014 170.313
17042014 171.850
18042014 171.965
19042014 171.977
21042014 171.964
22042014 172.309
23042014 172.630
24042014 171.510
25042014 171.710
26042014 171.590
28042014 171.680
29042014 171.950
30042014 172.560
01052014 172.330
02052014 172.700
03052014 172.460
05052014 172.450
06052014 172.180
07052014 172.549
08052014 172.763
09052014 172.005
10052014 171.565
12052014 171.611
19052014 170.720
20052014 170.550
21052014 170.565
22052014 171.401
23052014 171.608
24052014 171.562
26052014 171.628
27052014 171.670
28052014 171.406
29052014 170.229
30052014 170.104
31052014 170.634
02062014 170.770
03062014 171.530
04062014 171.695
05062014 171.961
06062014 172.158
07062014 172.304
09062014 172.200
10062014 172.201
11062014 171.457
12062014 171.293
13062014 171.177
14062014 173.084
16062014 173.214
17062014 172.931
18062014 173.227
19062014 173.199
20062014 173.702
21062014 173.691
23062014 173.655
24062014 173.688
25062014 173.106
26062014 172.970
27062014 173.185
28062014 172.801
30062014 172.604
01072014 173.389
02072014 174.165
03072014 174.701
04072014 175.282
05072014 175.094
07072014 175.175
08072014 174.488
09072014 173.952
10072014 174.303
11072014 173.623
12072014 173.461
14072014 173.557
15072014 173.456
16072014 174.330
17072014 174.310
18072014 173.126
19072014 173.161
21072014 173.133
22072014 173.152
23072014 173.093
24072014 172.964
25072014 172.908
26072014 172.882
28072014 172.785
29072014 172.986
30072014 172.974
31072014 173.941
01082014 173.656
02082014 172.536
04082014 172.580
05082014 172.898
06082014 173.138
07082014 171.917
08082014 171.758
09082014 171.255
