06122010 2.05773
08122010 2.07877
09122010 2.11323
10122010 2.10471
13122010 2.11385
14122010 2.10896
15122010 2.09821
16122010 2.10141
17122010 2.10993
20122010 2.10608
21122010 2.08933
22122010 2.07874
23122010 2.07747
24122010 2.06421
27122010 2.06398
28122010 2.05520
29122010 2.03551
30122010 2.01740
31122010 2.00065
03012011 2.00346
04012011 2.00160
05012011 2.03285
06012011 2.04957
08082011 1.97787
09082011 1.98017
10082011 1.94255
11082011 1.99519
12082011 1.95296
06092011 1.93631
11102011 2.00708
12102011 1.99514
13102011 1.97950
14102011 1.98244
15102011 1.96312
17102011 1.97165
18102011 1.98762
19102011 1.97744
20102011 1.99267
21102011 1.98919
22102011 1.98757
24102011 1.98706
25102011 1.98074
26102011 2.00844
27102011 2.00381
28102011 1.96132
29102011 1.95991
31102011 1.96493
01112011 1.99362
02112011 2.00494
03112011 2.01531
04112011 2.01626
05112011 2.02032
07112011 2.01335
08112011 2.01341
09112011 2.01625
10112011 2.03671
11112011 2.05129
12112011 2.04480
14112011 2.03381
15112011 2.04207
16112011 2.05157
17112011 2.05723
18112011 2.07940
22112011 2.08985
23112011 2.09075
24112011 2.09675
25112011 2.08937
26112011 2.08829
28112011 2.06178
29112011 2.05383
30112011 2.04720
01122011 2.01331
02122011 2.01246
03122011 2.00303
05122011 1.99886
06122011 2.00407
07122011 1.99731
08122011 2.01408
09122011 2.02156
10122011 2.01842
12122011 2.01895
13122011 2.04305
14122011 2.04019
15122011 2.06062
16122011 2.05780
17122011 2.03594
19122011 2.03254
20122011 2.04856
21122011 2.03749
22122011 2.03889
23122011 2.02788
24122011 2.01668
26122011 2.01314
27122011 2.01709
28122011 2.02549
29122011 2.00892
30122011 1.99570
31122011 1.99315
02012012 1.99079
03012012 1.98998
04012012 1.97959
05012012 1.98187
06012012 1.98127
07012012 1.97302
09012012 1.97781
10012012 1.96042
11012012 1.94965
12012012 1.92359
13012012 1.93105
14012012 1.93104
16012012 1.92736
17012012 1.92816
18012012 1.91231
19012012 1.91081
20012012 1.92813
21012012 1.92836
23012012 1.92977
24012012 1.92033
25012012 1.92412
26012012 1.91945
27012012 1.91470
28012012 1.90798
30012012 1.90945
31012012 1.91410
01022012 1.90952
02022012 1.90197
03022012 1.89485
04022012 1.89160
06022012 1.89448
07022012 1.89757
08022012 1.90323
09022012 1.89414
10022012 1.89673
11022012 1.90143
13022012 1.90252
14022012 1.88814
15022012 1.89024
16022012 1.88201
17022012 1.89672
18022012 1.89755
20022012 1.88901
21022012 1.88833
22022012 1.89250
23022012 1.88871
24022012 1.88454
25022012 1.89966
27022012 1.90438
28022012 1.88357
29022012 1.89837
01032012 1.90119
02032012 1.90214
03032012 1.90916
05032012 1.90498
06032012 1.93276
07032012 1.93684
08032012 1.91727
09032012 1.91601
10032012 1.90656
12032012 1.91289
13032012 1.91185
14032012 1.91094
15032012 1.93915
16032012 1.91632
17032012 1.92125
19032012 1.91825
20032012 1.92314
21032012 1.94165
22032012 1.94633
23032012 1.95674
24032012 1.93986
26032012 1.93689
27032012 1.94153
28032012 1.94371
29032012 1.94393
30032012 1.95201
31032012 1.95292
02042012 1.95355
03042012 1.94636
04042012 1.94339
05042012 1.95091
06042012 1.93870
07042012 1.93600
09042012 1.93944
10042012 1.93245
11042012 1.94800
12042012 1.94605
13042012 1.93057
14042012 1.92294
16042012 1.91992
17042012 1.93730
18042012 1.93884
19042012 1.96580
20042012 1.97174
21042012 1.97086
23042012 1.97053
24042012 1.98250
25042012 1.98793
26042012 1.98539
27042012 1.98529
28042012 1.97619
30042012 1.97767
01052012 1.98422
02052012 1.98869
03052012 1.99831
04052012 2.02326
05052012 2.02983
07052012 2.03302
08052012 2.03772
09052012 2.05081
10052012 2.05677
11052012 2.05571
12052012 2.05046
14052012 2.05159
15052012 2.06955
16052012 2.08165
17052012 2.08326
18052012 2.06878
19052012 2.09961
21052012 2.08430
22052012 2.07040
23052012 2.08695
24052012 2.08852
25052012 2.08059
26052012 2.07577
28052012 2.06558
29052012 2.05854
30052012 2.05078
31052012 2.05400
01062012 2.04487
02062012 2.03877
04062012 2.03739
05062012 2.03296
06062012 2.03368
07062012 2.01393
08062012 2.02157
09062012 2.00582
11062012 1.99457
12062012 2.01369
13062012 2.00518
14062012 2.00260
15062012 1.99106
16062012 1.98857
18062012 1.98314
19062012 1.97773
20062012 1.97091
21062012 1.97744
22062012 1.98384
23062012 1.96962
25062012 1.96861
26062012 1.97739
27062012 1.97623
28062012 1.96612
29062012 1.96894
30062012 1.95654
02072012 1.95942
03072012 1.95348
04072012 1.95122
05072012 1.93965
06072012 1.93187
07072012 1.93965
09072012 1.93974
10072012 1.94977
11072012 1.95632
12072012 1.94594
13072012 1.95226
14072012 1.95927
16072012 1.95298
17072012 1.95978
18072012 1.96088
19072012 1.95800
20072012 1.95728
21072012 1.95434
23072012 1.95833
24072012 1.96690
25072012 1.97242
26072012 1.96437
27072012 1.95493
28072012 1.94344
30072012 1.94091
31072012 1.94258
01082012 1.93640
02082012 1.92575
03082012 1.91671
04082012 1.91031
06082012 1.90516
07082012 1.90279
08082012 1.91827
09082012 1.91944
10082012 1.92591
11082012 1.92798
13082012 1.92944
14082012 1.93989
15082012 1.94827
16082012 1.94347
17082012 1.94203
18082012 1.94341
20082012 1.94309
21082012 1.94153
22082012 1.94707
23082012 1.95162
24082012 1.95121
25082012 1.94893
27082012 1.94683
28082012 1.95303
29082012 1.96683
30082012 1.97595
31082012 1.97806
01092012 1.97580
03092012 1.98274
04092012 1.99211
05092012 1.99883
06092012 2.00125
07092012 1.98805
08092012 1.97057
10092012 1.97163
11092012 1.97665
12092012 1.96302
13092012 1.96515
14092012 1.94501
15092012 1.95513
17092012 1.95457
18092012 1.96678
19092012 1.96295
20092012 1.95945
21092012 1.95566
22092012 1.95951
24092012 1.95501
25092012 1.97503
26092012 1.96945
27092012 1.96218
28092012 1.95186
29092012 1.94809
01102012 1.94685
02102012 1.94863
03102012 1.95220
04102012 1.96381
05102012 1.97005
06102012 1.97380
08102012 1.97328
09102012 1.95611
10102012 1.95752
11102012 1.96085
12102012 1.96264
13102012 1.96754
15102012 1.96467
16102012 1.96324
17102012 1.98007
18102012 1.96419
19102012 1.95950
20102012 1.96217
22102012 1.96181
23102012 1.95830
24102012 1.96430
25102012 1.96608
26102012 1.96370
27102012 1.95656
29102012 1.95715
30102012 1.95748
31102012 1.95868
01112012 1.96198
02112012 1.94991
03112012 1.94337
05112012 1.94049
06112012 1.93730
07112012 1.93213
08112012 1.93615
09112012 1.96011
10112012 1.95231
12112012 1.94988
13112012 1.94123
14112012 1.93545
15112012 1.95577
16112012 1.95820
17112012 1.95995
19112012 1.95454
20112012 1.94244
21112012 1.95130
22112012 1.95948
23112012 1.95439
24112012 1.94519
26112012 1.94425
27112012 1.94852
28112012 1.95251
29112012 1.93955
30112012 1.94905
01122012 1.95445
03122012 1.94746
04122012 1.96136
05122012 1.95369
06122012 1.94981
07122012 1.93027
08122012 1.92514
10122012 1.92605
11122012 1.92572
12122012 1.92105
13122012 1.91437
14122012 1.91143
15122012 1.91140
17122012 1.90869
18122012 1.91961
19122012 1.92909
20122012 1.94369
21122012 1.95235
22122012 1.96172
24122012 1.95774
25122012 1.95932
26122012 1.96109
27122012 1.97073
28122012 1.96379
29122012 1.96984
31122012 1.97055
01012013 1.96074
02012013 1.96030
03012013 1.95589
04012013 1.94377
05012013 1.93292
07012013 1.93442
08012013 1.92549
09012013 1.91958
10012013 1.90972
11012013 1.91231
12012013 1.92696
14012013 1.92256
15012013 1.91327
16012013 1.91355
17012013 1.90336
18012013 1.90261
19012013 1.89716
21012013 1.89278
22012013 1.89186
23012013 1.88324
24012013 1.88129
25012013 1.88171
26012013 1.88683
28012013 1.88387
29012013 1.88529
30012013 1.88100
31012013 1.89715
01022013 1.88863
02022013 1.85763
04022013 1.84935
05022013 1.86879
06022013 1.85088
07022013 1.85887
08022013 1.89007
09022013 1.89321
11022013 1.88560
12022013 1.87187
13022013 1.86128
14022013 1.84817
15022013 1.82448
16022013 1.83782
18022013 1.83423
19022013 1.82842
20022013 1.81812
21022013 1.82721
22022013 1.83032
23022013 1.81806
25022013 1.80068
26022013 1.81476
27022013 1.83260
28022013 1.82913
01032013 1.83350
02032013 1.82343
04032013 1.82623
05032013 1.82634
06032013 1.81769
07032013 1.81308
08032013 1.81143
09032013 1.81956
11032013 1.81862
12032013 1.80556
13032013 1.80470
14032013 1.80934
15032013 1.83437
16032013 1.82482
18032013 1.83600
19032013 1.83010
20032013 1.83135
21032013 1.83608
22032013 1.82478
23032013 1.82310
25032013 1.82421
26032013 1.81644
27032013 1.80713
28032013 1.80622
29032013 1.81605
30032013 1.81501
01042013 1.81524
02042013 1.81891
03042013 1.79343
04042013 1.79772
05042013 1.80960
06042013 1.81890
08042013 1.81731
09042013 1.80179
10042013 1.79710
11042013 1.78671
12042013 1.78159
13042013 1.78690
15042013 1.78907
16042013 1.82032
17042013 1.80744
18042013 1.80665
19042013 1.81645
20042013 1.80643
22042013 1.81184
23042013 1.81553
24042013 1.81251
25042013 1.79370
26042013 1.79320
27042013 1.79320
29042013 1.82521
30042013 1.80868
01052013 1.81206
02052013 1.83238
03052013 1.82932
04052013 1.82163
06052013 1.82007
07052013 1.82318
08052013 1.83050
09052013 1.85227
10052013 1.84353
11052013 1.84995
13052013 1.85200
14052013 1.85484
15052013 1.85901
16052013 1.84969
17052013 1.87274
18052013 1.88044
20052013 1.87669
21052013 1.86709
22052013 1.85638
23052013 1.86246
24052013 1.85494
25052013 1.86955
27052013 1.86677
28052013 1.86675
29052013 1.85997
30052013 1.85901
31052013 1.88858
01062013 1.91134
03062013 1.90505
04062013 1.89423
05062013 1.91129
06062013 1.93599
07062013 1.94081
08062013 1.97008
10062013 1.98051
11062013 1.97227
12062013 1.98767
13062013 1.96960
14062013 1.94226
15062013 1.94854
17062013 1.94903
18062013 1.96519
19062013 1.95751
20062013 1.96337
21062013 1.99788
22062013 1.98712
24062013 1.97875
25062013 1.98997
26062013 1.99351
27062013 1.96512
28062013 1.95755
29062013 1.96226
01072013 1.96455
02072013 1.94823
03072013 1.95608
04072013 1.96576
05072013 1.92200
06072013 1.93108
08072013 1.93045
09072013 1.91494
10072013 1.89093
11072013 1.91266
12072013 1.93891
13072013 1.93844
15072013 1.93716
16072013 1.93289
17072013 1.91977
18072013 1.92540
19072013 1.92549
20072013 1.92289
22072013 1.93224
23072013 1.92898
24072013 1.92278
25072013 1.92929
26072013 1.90220
27072013 1.90224
29072013 1.90187
03092013 1.99245
04092013 1.98210
05092013 1.97580
06092013 1.97472
07092013 1.95271
09092013 1.95042
10092013 1.95586
11092013 1.94957
12092013 1.95688
13092013 1.94070
14092013 1.95022
16092013 1.93731
17092013 1.94673
18092013 1.93062
19092013 1.92547
20092013 1.91323
21092013 1.91075
23092013 1.91576
24092013 1.91480
25092013 1.93471
26092013 1.94966
27092013 1.93683
28092013 1.94991
30092013 1.94933
01102013 1.94896
02102013 1.95706
03102013 1.95321
04102013 1.94684
05102013 1.92422
07102013 1.92546
08102013 1.93353
09102013 1.93797
10102013 1.91974
11102013 1.92537
12102013 1.91741
14102013 1.92065
15102013 1.90839
16102013 1.91007
17102013 1.89207
18102013 1.90363
19102013 1.90428
21102013 1.90363
22102013 1.90867
23102013 1.90574
24102013 1.92546
25102013 1.93956
26102013 1.95243
28102013 1.95072
29102013 1.94504
30102013 1.94395
31102013 1.94475
01112013 1.94056
02112013 1.93381
04112013 1.92846
05112013 1.92786
06112013 1.92989
07112013 1.91596
08112013 1.93298
09112013 1.94185
11112013 1.93573
12112013 1.93846
13112013 1.93167
14112013 1.94069
15112013 1.93918
16112013 1.93307
18112013 1.92889
19112013 1.92992
20112013 1.92950
21112013 1.94789
22112013 1.97222
23112013 1.98151
25112013 1.98100
26112013 1.96908
27112013 1.97685
28112013 1.99899
29112013 2.00823
30112013 2.01058
02122013 2.00382
03122013 1.99841
04122013 1.98633
05122013 1.99814
06122013 1.98862
07122013 1.97159
09122013 1.97067
10122013 1.98352
11122013 1.97790
16122013 1.97720
17122013 1.97336
18122013 1.96960
19122013 1.99229
20122013 2.00069
21122013 1.99284
23122013 1.99068
24122013 1.99281
26122013 1.99578
27122013 2.01240
28122013 2.01899
30122013 2.01786
31122013 2.01336
01012014 2.01204
02012014 2.01956
03012014 2.00857
04012014 1.97952
06012014 1.98170
07012014 1.97923
08012014 1.97925
09012014 1.99014
10012014 1.99741
11012014 1.98455
13012014 1.98684
14012014 1.95754
15012014 1.96161
16012014 1.96329
17012014 1.95805
18012014 1.98836
20012014 1.98731
21012014 1.98879
22012014 1.98139
23012014 1.99524
24012014 2.00226
25012014 2.00054
27012014 2.00303
28012014 2.01050
29012014 2.00635
30012014 2.01201
31012014 2.02273
01022014 2.03294
03022014 2.02640
04022014 2.01551
05022014 1.98925
06022014 1.98589
07022014 1.97554
08022014 1.97898
10022014 1.97871
11022014 1.98442
12022014 1.97512
13022014 1.99575
14022014 1.99377
15022014 1.99929
17022014 2.00324
18022014 1.99704
19022014 2.00831
20022014 2.01466
21022014 2.00945
22022014 2.00932
24022014 2.00742
25022014 1.99969
26022014 2.00173
06032014 1.97776
07032014 1.97399
11032014 1.95930
12032014 1.96272
13032014 1.95825
14032014 1.94505
15032014 1.94961
17032014 1.94941
18032014 1.94087
19032014 1.92405
20032014 1.93291
21032014 1.93477
22032014 1.93101
24032014 1.92380
25032014 1.93054
26032014 1.92660
27032014 1.92837
28032014 1.91519
29032014 1.92287
31032014 1.92075
01042014 1.92099
02042014 1.92317
03042014 1.94324
04042014 1.94238
05042014 1.93020
07042014 1.93115
08042014 1.93036
09042014 1.93091
10042014 1.92679
11042014 1.93195
12042014 1.92628
14042014 1.92492
15042014 1.92661
16042014 1.93549
17042014 1.94687
18042014 1.96055
19042014 1.95788
21042014 1.95695
22042014 1.96136
06052014 1.93901
07052014 1.94018
08052014 1.95529
09052014 1.95711
10052014 1.95569
12052014 1.95270
19052014 1.94385
20052014 1.95062
21052014 1.96366
22052014 1.97343
23052014 1.96999
24052014 1.96933
26052014 1.96981
27052014 1.96914
28052014 1.96718
29052014 1.96682
30052014 1.97312
31052014 1.97387
02062014 1.97432
03062014 1.98178
04062014 1.98685
05062014 1.98837
06062014 1.97723
07062014 1.97821
09062014 1.97664
10062014 1.97839
11062014 1.96514
12062014 1.96210
13062014 1.93794
14062014 1.95755
16062014 1.95736
17062014 1.95649
18062014 1.96008
19062014 1.94676
20062014 1.95567
21062014 1.95614
23062014 1.95453
24062014 1.95530
25062014 1.95591
26062014 1.94450
27062014 1.94061
28062014 1.94062
30062014 1.93918
01072014 1.95483
02072014 1.95494
03072014 1.95701
04072014 1.95943
05072014 1.96226
07072014 1.96154
08072014 1.95556
09072014 1.94946
10072014 1.94411
11072014 1.94208
12072014 1.94223
14072014 1.94173
15072014 1.93943
16072014 1.95478
17072014 1.96749
18072014 1.97093
19072014 1.96662
21072014 1.96096
22072014 1.96487
23072014 1.96844
24072014 1.96060
25072014 1.98033
26072014 1.98474
28072014 1.98420
29072014 1.98646
30072014 1.99355
31072014 1.99317
01082014 1.98724
02082014 1.97719
04082014 1.97720
05082014 1.97748
06082014 1.99277
07082014 1.98766
08082014 1.98423
09082014 1.98243
