01062012 1.54020
02062012 1.53570
04062012 1.53590
05062012 1.53700
06062012 1.53660
07062012 1.54800
08062012 1.55590
09062012 1.54540
11062012 1.55100
12062012 1.55000
13062012 1.55650
14062012 1.55640
15062012 1.55210
16062012 1.56750
18062012 1.57060
19062012 1.56620
20062012 1.57480
21062012 1.57210
22062012 1.56070
23062012 1.55880
25062012 1.55680
26062012 1.55610
27062012 1.56290
28062012 1.55600
29062012 1.54930
30062012 1.56880
02072012 1.56950
03072012 1.56790
04072012 1.56880
05072012 1.56020
06072012 1.55200
07072012 1.54750
09072012 1.54770
10072012 1.55200
11072012 1.55120
12072012 1.55320
13072012 1.54180
14072012 1.55650
16072012 1.55750
17072012 1.56320
18072012 1.56270
19072012 1.56430
20072012 1.57110
21072012 1.56140
23072012 1.56230
24072012 1.55160
25072012 1.54970
26072012 1.55060
27072012 1.56770
28072012 1.57230
30072012 1.57360
31072012 1.56950
01082012 1.56720
02082012 1.56050
03082012 1.55050
04082012 1.56370
06082012 1.56110
07082012 1.56060
08082012 1.56420
09082012 1.56580
10082012 1.56170
11082012 1.56700
13082012 1.56700
14082012 1.56860
15082012 1.56870
16082012 1.56830
17082012 1.57350
18082012 1.56900
20082012 1.57040
21082012 1.57030
22082012 1.57840
23082012 1.57940
24082012 1.58640
25082012 1.58220
27082012 1.58170
28082012 1.57960
29082012 1.58210
30082012 1.58380
31082012 1.57710
01092012 1.58610
03092012 1.58770
04092012 1.58920
05092012 1.58690
06092012 1.59020
07092012 1.59350
08092012 1.60140
10092012 1.60150
11092012 1.60000
12092012 1.60670
13092012 1.61050
14092012 1.61310
15092012 1.62220
17092012 1.62200
18092012 1.62460
19092012 1.62430
20092012 1.62140
21092012 1.61880
22092012 1.62530
24092012 1.62350
25092012 1.62020
26092012 1.62180
27092012 1.61460
28092012 1.62310
29092012 1.61490
01102012 1.61440
02102012 1.61370
03102012 1.61490
04102012 1.60720
05102012 1.61970
06102012 1.61590
08102012 1.61330
09102012 1.60280
10102012 1.59860
11102012 1.60020
12102012 1.60360
13102012 1.60740
15102012 1.60760
16102012 1.60670
17102012 1.61150
18102012 1.61500
19102012 1.61200
20102012 1.60060
22102012 1.60090
23102012 1.60080
24102012 1.59370
25102012 1.60270
26102012 1.61180
27102012 1.60960
29102012 1.60980
30102012 1.60350
31102012 1.60720
01112012 1.61280
02112012 1.61240
03112012 1.60180
05112012 1.60090
06112012 1.59650
07112012 1.60010
08112012 1.59780
09112012 1.59810
10112012 1.58960
12112012 1.59010
13112012 1.58740
14112012 1.58770
15112012 1.58590
16112012 1.58570
17112012 1.58810
19112012 1.58850
20112012 1.59010
21112012 1.59180
22112012 1.59410
23112012 1.59290
24112012 1.60340
26112012 1.60310
27112012 1.60100
28112012 1.60240
29112012 1.60100
30112012 1.60350
01122012 1.60220
03122012 1.60160
04122012 1.60950
05122012 1.60980
06122012 1.61000
07122012 1.60440
08122012 1.60330
10122012 1.60350
11122012 1.60670
12122012 1.61140
13122012 1.61590
14122012 1.61040
15122012 1.61740
17122012 1.61660
18122012 1.61940
19122012 1.62460
20122012 1.62620
21122012 1.62780
22122012 1.61640
24122012 1.61520
25122012 1.61220
26122012 1.61350
27122012 1.61080
28122012 1.60860
29122012 1.61540
31122012 1.61730
01012013 1.62430
02012013 1.62520
03012013 1.62300
04012013 1.61500
05012013 1.60500
07012013 1.60710
08012013 1.60940
09012013 1.60520
10012013 1.60160
11012013 1.61510
12012013 1.61280
14012013 1.61290
15012013 1.60710
16012013 1.60510
17012013 1.59970
18012013 1.60060
19012013 1.58740
21012013 1.58470
22012013 1.58240
23012013 1.58640
24012013 1.58380
25012013 1.57850
26012013 1.58040
28012013 1.57600
29012013 1.56840
30012013 1.57510
31012013 1.57920
01022013 1.58570
02022013 1.57160
04022013 1.56910
05022013 1.57610
06022013 1.56520
07022013 1.56550
08022013 1.57070
09022013 1.58000
11022013 1.57980
12022013 1.56750
13022013 1.56520
14022013 1.55420
15022013 1.54770
16022013 1.55160
18022013 1.55030
19022013 1.54570
20022013 1.54220
21022013 1.52740
22022013 1.52440
23022013 1.52480
25022013 1.50750
26022013 1.51310
27022013 1.51390
28022013 1.51200
01032013 1.51720
02032013 1.50180
04032013 1.50410
05032013 1.50910
06032013 1.51130
07032013 1.50320
08032013 1.50200
09032013 1.49390
11032013 1.49180
12032013 1.49280
13032013 1.49070
14032013 1.49230
15032013 1.50780
16032013 1.50840
18032013 1.51190
19032013 1.50970
20032013 1.50990
21032013 1.51130
22032013 1.51790
23032013 1.52280
25032013 1.52300
26032013 1.51810
27032013 1.51540
28032013 1.51290
29032013 1.51880
30032013 1.51930
01042013 1.51900
02042013 1.52340
03042013 1.51140
04042013 1.51510
05042013 1.52270
06042013 1.53260
08042013 1.53080
09042013 1.52590
10042013 1.53310
11042013 1.53210
12042013 1.53910
13042013 1.53520
15042013 1.53400
16042013 1.53070
17042013 1.53740
18042013 1.52440
19042013 1.52860
20042013 1.52420
22042013 1.52310
23042013 1.52660
24042013 1.52540
25042013 1.52580
26042013 1.54370
27042013 1.54790
29042013 1.54850
30042013 1.55040
01052013 1.55330
02052013 1.55900
03052013 1.55330
04052013 1.55560
06052013 1.55508
07052013 1.55430
08052013 1.54810
09052013 1.55510
10052013 1.54890
11052013 1.53470
13052013 1.53551
14052013 1.52850
15052013 1.52400
16052013 1.52180
17052013 1.53050
18052013 1.51690
20052013 1.51902
21052013 1.52410
22052013 1.51550
23052013 1.50490
24052013 1.51050
25052013 1.51200
27052013 1.51302
28052013 1.50960
29052013 1.50490
30052013 1.51120
31052013 1.52160
01062013 1.51750
03062013 1.52042
04062013 1.53390
05062013 1.52920
06062013 1.53970
07062013 1.56060
08062013 1.55440
10062013 1.55149
11062013 1.55780
12062013 1.56170
13062013 1.56730
14062013 1.56840
15062013 1.56920
17062013 1.57248
18062013 1.57020
19062013 1.56500
20062013 1.56690
21062013 1.54740
22062013 1.54240
24062013 1.53724
25062013 1.54390
26062013 1.54110
27062013 1.53080
28062013 1.52598
29062013 1.52084
01072013 1.51998
02072013 1.52168
03072013 1.51522
04072013 1.52780
05072013 1.50680
06072013 1.49060
08072013 1.48768
09072013 1.49370
10072013 1.48550
11072013 1.49270
12072013 1.51270
13072013 1.51010
15072013 1.51075
16072013 1.50870
17072013 1.51270
18072013 1.52200
19072013 1.52170
20072013 1.52570
22072013 1.52643
23072013 1.53570
24072013 1.53710
25072013 1.52970
26072013 1.53580
27072013 1.53830
29072013 1.53779
30072013 1.53430
31072013 1.52320
01082013 1.51850
02082013 1.51310
03082013 1.52850
05082013 1.52882
06082013 1.53460
07082013 1.53690
08082013 1.54980
09082013 1.55440
10082013 1.55110
12082013 1.54862
13082013 1.54700
14082013 1.54440
15082013 1.55080
16082013 1.56240
17082013 1.56240
19082013 1.56173
20082013 1.56560
21082013 1.56690
22082013 1.56920
23082013 1.55960
24082013 1.55640
26082013 1.55621
27082013 1.55640
28082013 1.55340
29082013 1.55140
30082013 1.55010
31082013 1.54830
02092013 1.55278
03092013 1.55410
04092013 1.55639
05092013 1.56313
06092013 1.55879
07092013 1.56298
09092013 1.56168
10092013 1.56982
11092013 1.57331
12092013 1.58224
13092013 1.58043
14092013 1.58742
16092013 1.59366
17092013 1.59001
18092013 1.59080
19092013 1.61101
20092013 1.60301
21092013 1.60159
23092013 1.59987
24092013 1.60489
25092013 1.60035
26092013 1.60836
27092013 1.60373
28092013 1.61432
30092013 1.61416
01102013 1.61888
02102013 1.62045
03102013 1.62319
04102013 1.61615
05102013 1.60190
07102013 1.60201
08102013 1.60907
09102013 1.60792
10102013 1.59563
11102013 1.59701
12102013 1.59567
14102013 1.59695
15102013 1.59912
16102013 1.59916
17102013 1.59412
18102013 1.61636
19102013 1.61654
21102013 1.61700
22102013 1.61481
23102013 1.62328
24102013 1.61671
25102013 1.62035
26102013 1.61792
28102013 1.61580
29102013 1.61351
30102013 1.60427
31102013 1.60336
01112013 1.60314
02112013 1.59228
04112013 1.59230
05112013 1.59690
06112013 1.60472
07112013 1.60825
08112013 1.60877
09112013 1.60006
11112013 1.60005
12112013 1.59913
13112013 1.58916
14112013 1.60217
15112013 1.60571
16112013 1.61113
18112013 1.61201
19112013 1.60975
20112013 1.61168
21112013 1.60915
22112013 1.61627
23112013 1.62066
25112013 1.62264
26112013 1.61492
27112013 1.62184
28112013 1.62772
29112013 1.63422
30112013 1.63637
02122013 1.63689
03122013 1.63472
04122013 1.64009
05122013 1.63766
06122013 1.63397
07122013 1.63435
09122013 1.63462
10122013 1.64288
11122013 1.64465
16122013 1.63264
17122013 1.63007
18122013 1.62633
19122013 1.64297
20122013 1.63721
21122013 1.63347
23122013 1.63339
24122013 1.63489
25122013 1.63655
26122013 1.63413
27122013 1.64201
28122013 1.64582
30122013 1.64811
31122013 1.65203
01012014 1.65583
02012014 1.65819
03012014 1.64223
04012014 1.64213
06012014 1.64002
07012014 1.64040
08012014 1.64075
09012014 1.64476
10012014 1.64713
11012014 1.64730
13012014 1.64796
14012014 1.63817
15012014 1.64347
16012014 1.63682
17012014 1.63574
18012014 1.64197
20012014 1.64196
21012014 1.64333
22012014 1.64770
23012014 1.65765
24012014 1.66282
25012014 1.65077
27012014 1.64820
28012014 1.65738
29012014 1.65786
30012014 1.65744
31012014 1.64765
01022014 1.64313
03022014 1.64270
04022014 1.63061
05022014 1.63202
06022014 1.63124
07022014 1.63216
08022014 1.64092
10022014 1.64040
11022014 1.64044
12022014 1.64489
13022014 1.65967
14022014 1.66545
15022014 1.67408
17022014 1.67581
18022014 1.67022
19022014 1.66811
20022014 1.66961
21022014 1.66587
22022014 1.66429
24022014 1.66308
25022014 1.66635
26022014 1.66765
27022014 1.66630
28022014 1.66836
01032014 1.67583
03032014 1.67278
04032014 1.66595
05032014 1.66733
06032014 1.67120
07032014 1.67419
08032014 1.67257
10032014 1.67235
11032014 1.66373
12032014 1.66156
13032014 1.66185
14032014 1.66160
15032014 1.66355
17032014 1.66424
18032014 1.66334
19032014 1.65885
20032014 1.65330
21032014 1.65002
22032014 1.64938
24032014 1.64710
25032014 1.65001
26032014 1.65287
27032014 1.65916
28032014 1.66111
29032014 1.66430
31032014 1.66449
01042014 1.66720
02042014 1.66337
03042014 1.66263
04042014 1.65903
05042014 1.65779
07042014 1.65752
08042014 1.66119
09042014 1.67463
10042014 1.67917
11042014 1.67797
12042014 1.67356
14042014 1.67198
15042014 1.67279
16042014 1.67227
17042014 1.67993
18042014 1.67902
19042014 1.67906
21042014 1.67913
22042014 1.67926
23042014 1.68251
24042014 1.67800
25042014 1.67990
26042014 1.68020
28042014 1.68041
29042014 1.68079
30042014 1.68249
01052014 1.68828
02052014 1.68875
03052014 1.68756
05052014 1.68809
06052014 1.68679
07052014 1.69804
08052014 1.69541
09052014 1.69351
10052014 1.68501
12052014 1.68420
13052014 1.68676
14052014 1.68250
15052014 1.67704
16052014 1.67913
19052014 1.68130
20052014 1.68200
21052014 1.68397
22052014 1.69021
23052014 1.68667
24052014 1.68244
26052014 1.68319
27052014 1.68443
28052014 1.68062
29052014 1.67135
30052014 1.67180
31052014 1.67621
02062014 1.67669
03062014 1.67495
04062014 1.67458
05062014 1.67391
06062014 1.68095
07062014 1.68048
09062014 1.68003
10062014 1.67953
11062014 1.67535
12062014 1.67874
13062014 1.68364
14062014 1.69709
16062014 1.69709
17062014 1.69799
18062014 1.69611
19062014 1.69888
20062014 1.70355
21062014 1.70158
23062014 1.70146
24062014 1.70272
25062014 1.69843
26062014 1.69793
27062014 1.70280
28062014 1.70397
30062014 1.70260
01072014 1.71148
02072014 1.71537
03072014 1.71643
04072014 1.71518
05072014 1.71557
07072014 1.71643
08072014 1.71322
09072014 1.71325
10072014 1.71539
11072014 1.71374
12072014 1.71200
14072014 1.71171
15072014 1.70800
16072014 1.71447
17072014 1.71355
18072014 1.71042
19072014 1.70854
21072014 1.70842
22072014 1.70771
23072014 1.70626
24072014 1.70357
25072014 1.69866
26072014 1.69770
28072014 1.69780
29072014 1.69813
30072014 1.69422
31072014 1.69094
01082014 1.68822
02082014 1.68179
04082014 1.68310
05082014 1.68580
06082014 1.68778
07082014 1.68473
08082014 1.68364
09082014 1.67773
