04082010 1.57070
05082010 1.57210
06082010 1.56880
07082010 1.56700
09082010 1.56590
10082010 1.56760
11082010 1.56570
12082010 1.57620
13082010 1.57160
14082010 1.58000
16082010 1.58040
17082010 1.57880
18082010 1.56560
19082010 1.56950
20082010 1.57270
21082010 1.57720
23082010 1.57660
24082010 1.57960
25082010 1.56910
26082010 1.57340
27082010 1.57430
28082010 1.57290
30082010 1.57190
31082010 1.57320
01092010 1.55920
02092010 1.55900
03092010 1.55140
04092010 1.55120
06092010 1.55070
07092010 1.54600
08092010 1.55210
09092010 1.56720
10092010 1.56490
11092010 1.55680
13092010 1.56000
14092010 1.54750
15092010 1.54830
16092010 1.55640
17092010 1.55200
18092010 1.55500
20092010 1.55560
21092010 1.54550
22092010 1.53590
23092010 1.52680
24092010 1.53380
25092010 1.53360
27092010 1.53310
28092010 1.53750
29092010 1.52260
30092010 1.51730
01102010 1.50970
02102010 1.50910
04102010 1.50650
05102010 1.51640
06102010 1.50960
07102010 1.50050
08102010 1.49990
09102010 1.50680
11102010 1.50740
12102010 1.50370
13102010 1.49250
14102010 1.49790
15102010 1.49880
16102010 1.50510
18102010 1.50550
19102010 1.49860
20102010 1.49910
21102010 1.49400
22102010 1.48300
23102010 1.48140
25102010 1.47970
26102010 1.48220
27102010 1.50270
28102010 1.50310
29102010 1.50540
30102010 1.51390
01112010 1.51240
02112010 1.51730
03112010 1.50600
04112010 1.50140
05112010 1.51290
08112010 1.51830
09112010 1.52310
10112010 1.52200
11112010 1.53440
12112010 1.54440
15112010 1.54430
16112010 1.54670
17112010 1.53880
18112010 1.53760
19112010 1.54200
22112010 1.53190
23112010 1.53440
24112010 1.53870
25112010 1.54150
26112010 1.53810
29112010 1.53170
30112010 1.54050
01122010 1.55110
02122010 1.54400
03122010 1.53330
04122010 1.53260
06122010 1.53430
07122010 1.53610
08122010 1.54540
09122010 1.55050
10122010 1.54780
13122010 1.55530
14122010 1.54330
15122010 1.53680
16122010 1.52780
17122010 1.53500
20122010 1.52830
21122010 1.53220
22122010 1.53000
23122010 1.52190
24122010 1.52440
27122010 1.52510
28122010 1.51860
29122010 1.51860
30122010 1.52000
31122010 1.50660
03012011 1.51550
04012011 1.50600
05012011 1.52230
06012011 1.52890
07012011 1.53760
10012011 1.55510
11012011 1.55300
12012011 1.55500
13012011 1.55600
14012011 1.54260
17012011 1.54360
18012011 1.55360
19012011 1.55140
20012011 1.54710
21012011 1.53930
22012011 1.53710
24012011 1.53690
25012011 1.53380
26012011 1.51330
27012011 1.52010
28012011 1.52060
01022011 1.52750
02022011 1.52800
03022011 1.53560
04022011 1.54650
07022011 1.54930
08022011 1.54790
09022011 1.54050
10022011 1.53530
11022011 1.54630
14022011 1.54430
15022011 1.55040
16022011 1.55920
17022011 1.54910
18022011 1.55250
21022011 1.55320
22022011 1.55080
23022011 1.54450
24022011 1.54330
25022011 1.53220
28022011 1.53380
01032011 1.54300
02032011 1.54530
03032011 1.54410
04032011 1.53140
07032011 1.52950
08032011 1.52430
09032011 1.52650
10032011 1.53020
11032011 1.52620
14032011 1.51440
15032011 1.51950
16032011 1.51010
17032011 1.51210
18032011 1.51210
21032011 1.50870
22032011 1.51270
23032011 1.51990
24032011 1.51700
25032011 1.49980
28032011 1.50040
29032011 1.49560
30032011 1.49560
31032011 1.50180
01042011 1.49480
02042011 1.49800
04042011 1.49690
05042011 1.49940
06042011 1.51360
07042011 1.50990
08042011 1.51000
09042011 1.50250
11042011 1.50210
12042011 1.50280
13042011 1.49010
14042011 1.49400
15042011 1.49990
16042011 1.49730
18042011 1.49940
19042011 1.50940
20042011 1.50580
21042011 1.49960
22042011 1.50680
23042011 1.50620
25042011 1.50530
26042011 1.50200
27042011 1.49540
28042011 1.49820
29042011 1.49600
30042011 1.50170
02052011 1.50240
03052011 1.49620
04052011 1.48060
05052011 1.48240
06052011 1.49440
10052011 1.49460
11052011 1.50290
12052011 1.51770
13052011 1.50920
14052011 1.51150
16052011 1.51170
17052011 1.50650
18052011 1.50740
19052011 1.49870
20052011 1.49970
21052011 1.51320
23052011 1.51430
24052011 1.51020
25052011 1.51200
26052011 1.51480
27052011 1.52710
28052011 1.52300
30052011 1.52370
31052011 1.52210
01062011 1.51270
02062011 1.50600
03062011 1.49690
04062011 1.49080
06062011 1.49030
07062011 1.48890
08062011 1.48780
09062011 1.49250
10062011 1.49510
11062011 1.49620
13062011 1.49580
14062011 1.50370
16062011 1.50540
17062011 1.50120
18062011 1.49430
20062011 1.49590
21062011 1.49640
22062011 1.49210
23062011 1.48120
24062011 1.48320
27062011 1.48330
28062011 1.47920
29062011 1.47420
30062011 1.47460
01072011 1.46800
02072011 1.46820
04072011 1.46840
05072011 1.46900
06072011 1.47570
07072011 1.47840
08072011 1.47280
11072011 1.48710
12072011 1.48720
13072011 1.49060
14072011 1.49360
15072011 1.49780
16072011 1.49570
18072011 1.49690
19072011 1.49170
20072011 1.49580
21072011 1.49220
22072011 1.49240
23072011 1.49350
25072011 1.49430
26072011 1.49130
27072011 1.49100
28072011 1.49490
29072011 1.50110
30072011 1.50160
01082011 1.50120
02082011 1.49926
03082011 1.50309
04082011 1.50572
05082011 1.50910
06082011 1.50687
08082011 1.50438
09082011 1.50774
10082011 1.49067
11082011 1.48837
12082011 1.49473
13082011 1.49908
15082011 1.49852
16082011 1.49363
17082011 1.50384
18082011 1.50907
19082011 1.51427
20082011 1.50592
22082011 1.50490
23082011 1.50809
24082011 1.50496
25082011 1.49572
26082011 1.49078
27082011 1.48727
29082011 1.48914
30082011 1.49194
31082011 1.48698
01092011 1.48650
02092011 1.48879
03092011 1.49861
05092011 1.49634
06092011 1.49640
07092011 1.49185
08092011 1.48649
09092011 1.50331
10092011 1.51395
12092011 1.51421
13092011 1.51189
14092011 1.50179
15092011 1.49564
16092011 1.48658
17092011 1.49397
19092011 1.49250
20092011 1.49345
21092011 1.49819
22092011 1.48525
23092011 1.48042
24092011 1.48918
26092011 1.48718
27092011 1.49661
28092011 1.49637
29092011 1.49540
30092011 1.49627
01102011 1.51085
03102011 1.51098
04102011 1.51420
05102011 1.50270
06102011 1.50273
07102011 1.49303
08102011 1.50868
10102011 1.50891
11102011 1.49625
12102011 1.48849
13102011 1.49283
14102011 1.49456
15102011 1.49044
17102011 1.49127
18102011 1.49581
19102011 1.49180
20102011 1.49729
21102011 1.49676
22102011 1.50174
24102011 1.50126
25102011 1.50185
26102011 1.50429
27102011 1.50202
28102011 1.49012
29102011 1.49508
31102011 1.49519
01112011 1.51810
02112011 1.51894
03112011 1.51474
04112011 1.51740
07112011 1.51936
08112011 1.52244
09112011 1.52187
10112011 1.52971
11112011 1.52526
12112011 1.52621
14112011 1.52618
15112011 1.52043
16112011 1.52072
17112011 1.51791
18112011 1.52080
19112011 1.51895
21112011 1.51977
22112011 1.50832
23112011 1.50458
24112011 1.50915
25112011 1.50661
26112011 1.51108
28112011 1.50658
29112011 1.51008
30112011 1.51843
01122011 1.51731
02122011 1.51463
03122011 1.51083
05122011 1.51182
06122011 1.51554
07122011 1.51064
08122011 1.52073
09122011 1.52088
10122011 1.51961
12122011 1.51817
13122011 1.52877
14122011 1.53348
15122011 1.53689
16122011 1.53658
17122011 1.53487
19122011 1.53767
20122011 1.53757
21122011 1.54615
22122011 1.55017
23122011 1.55065
24122011 1.54317
26122011 1.54213
27122011 1.54382
28122011 1.54676
29122011 1.53774
30122011 1.53154
31122011 1.54193
02012012 1.54434
03012012 1.54249
04012012 1.54491
05012012 1.55203
06012012 1.55425
07012012 1.55388
09012012 1.55438
10012012 1.55232
11012012 1.55321
12012012 1.54514
13012012 1.53509
14012012 1.54639
16012012 1.54773
17012012 1.54830
18012012 1.54338
19012012 1.54252
20012012 1.53805
21012012 1.54641
23012012 1.55109
24012012 1.53975
25012012 1.54404
26012012 1.54235
27012012 1.54462
28012012 1.53806
30012012 1.53764
31012012 1.54260
01022012 1.55166
02022012 1.55296
03022012 1.55090
04022012 1.55243
06022012 1.55346
07022012 1.55522
08022012 1.55104
09022012 1.54299
10022012 1.54137
11022012 1.54375
13022012 1.54344
14022012 1.54404
15022012 1.54342
16022012 1.54914
17022012 1.55334
18022012 1.55616
20022012 1.55475
21022012 1.54891
22022012 1.54282
23022012 1.53255
24022012 1.52859
25022012 1.53506
27022012 1.53406
28022012 1.53365
29022012 1.53503
01032012 1.54904
02032012 1.55371
03032012 1.55257
05032012 1.55397
06032012 1.55416
07032012 1.54893
08032012 1.54857
09032012 1.54611
10032012 1.54586
12032012 1.54608
13032012 1.53892
14032012 1.55224
15032012 1.55575
16032012 1.55367
17032012 1.55751
19032012 1.55757
20032012 1.55672
21032012 1.55531
22032012 1.55668
23032012 1.55358
24032012 1.55180
26032012 1.55287
27032012 1.55337
28032012 1.55547
29032012 1.54923
30032012 1.55638
31032012 1.55784
02042012 1.55919
03042012 1.56143
04042012 1.55921
05042012 1.56475
06042012 1.56486
07042012 1.56649
09042012 1.56723
10042012 1.56809
11042012 1.56691
12042012 1.56871
13042012 1.56615
14042012 1.56541
16042012 1.56682
17042012 1.56428
18042012 1.56880
19042012 1.57879
20042012 1.58101
21042012 1.58013
23042012 1.57976
24042012 1.58605
25042012 1.58355
26042012 1.58380
27042012 1.58387
28042012 1.58928
30042012 1.59102
01052012 1.58686
02052012 1.58595
03052012 1.59166
04052012 1.59025
05052012 1.59309
07052012 1.59875
08052012 1.60030
09052012 1.60077
10052012 1.60587
11052012 1.60710
12052012 1.60134
14052012 1.60257
15052012 1.61181
16052012 1.61268
17052012 1.60600
18052012 1.59537
19052012 1.59088
21052012 1.58910
22052012 1.58809
23052012 1.59338
24052012 1.59612
25052012 1.59857
26052012 1.59993
28052012 1.59731
29052012 1.59946
30052012 1.59840
31052012 1.59502
01062012 1.58808
02062012 1.57727
04062012 1.57702
05062012 1.57292
06062012 1.57685
07062012 1.57742
08062012 1.58144
09062012 1.58128
11062012 1.57238
12062012 1.58507
13062012 1.59192
14062012 1.57955
15062012 1.57893
16062012 1.58879
18062012 1.59175
19062012 1.59383
20062012 1.58942
21062012 1.58740
22062012 1.58969
23062012 1.58769
25062012 1.58782
26062012 1.59190
27062012 1.59955
28062012 1.59478
29062012 1.59136
30062012 1.58619
02072012 1.58950
03072012 1.59809
04072012 1.59338
05072012 1.59069
06072012 1.59792
07072012 1.60450
09072012 1.60563
10072012 1.60579
11072012 1.61096
12072012 1.61029
13072012 1.60647
14072012 1.61733
16072012 1.61478
17072012 1.61958
18072012 1.62004
19072012 1.62066
20072012 1.62792
21072012 1.62932
23072012 1.63424
24072012 1.62212
25072012 1.62821
26072012 1.61707
27072012 1.62364
28072012 1.62562
30072012 1.62733
31072012 1.62820
01082012 1.62008
02082012 1.61468
03082012 1.61569
04082012 1.60938
06082012 1.60459
07082012 1.60367
08082012 1.60631
09082012 1.61203
10082012 1.61642
11082012 1.62138
13082012 1.62111
14082012 1.61745
15082012 1.61889
16082012 1.62273
17082012 1.62154
18082012 1.61947
20082012 1.61912
21082012 1.61951
22082012 1.61479
23082012 1.61803
24082012 1.61308
25082012 1.61239
27082012 1.61383
28082012 1.61264
29082012 1.60865
30082012 1.61336
31082012 1.61119
01092012 1.61273
03092012 1.61373
04092012 1.61258
05092012 1.61399
06092012 1.61402
07092012 1.61372
08092012 1.60386
10092012 1.60450
11092012 1.60620
12092012 1.60434
13092012 1.60434
14092012 1.59988
15092012 1.59593
17092012 1.59512
18092012 1.59917
19092012 1.60561
20092012 1.60127
21092012 1.60938
22092012 1.61051
24092012 1.61015
25092012 1.61288
26092012 1.61202
27092012 1.61325
28092012 1.61611
29092012 1.61294
01102012 1.61367
02102012 1.60832
03102012 1.60616
04102012 1.60180
05102012 1.60202
06102012 1.59531
08102012 1.59614
09102012 1.59036
10102012 1.59589
11102012 1.59537
12102012 1.59606
13102012 1.59660
15102012 1.59601
16102012 1.59649
17102012 1.59204
18102012 1.58830
19102012 1.58371
20102012 1.58480
22102012 1.58530
23102012 1.58233
24102012 1.58319
25102012 1.59321
26102012 1.60523
27102012 1.60181
29102012 1.60234
30102012 1.59924
31102012 1.59803
01112012 1.60395
02112012 1.60464
03112012 1.60486
05112012 1.60542
06112012 1.60410
07112012 1.60379
08112012 1.60758
09112012 1.60812
10112012 1.60403
12112012 1.60425
13112012 1.60161
14112012 1.60164
15112012 1.59672
16112012 1.59435
17112012 1.60206
19112012 1.60164
20112012 1.59633
21112012 1.59803
22112012 1.60022
23112012 1.59361
24112012 1.59446
26112012 1.59413
27112012 1.59373
28112012 1.59641
29112012 1.59276
30112012 1.59470
01122012 1.59116
03122012 1.59045
04122012 1.59254
05122012 1.58954
06122012 1.59094
07122012 1.59691
08122012 1.59916
10122012 1.60270
11122012 1.60097
12122012 1.59946
13122012 1.59716
14122012 1.59318
15122012 1.59110
17122012 1.59148
18122012 1.59471
19122012 1.59375
20122012 1.59264
21122012 1.59559
22122012 1.58966
24122012 1.58982
25122012 1.58473
26122012 1.58542
27122012 1.58369
28122012 1.58026
29122012 1.58623
31122012 1.58735
01012013 1.59798
02012013 1.59954
03012013 1.60020
04012013 1.59716
05012013 1.59285
07012013 1.59314
08012013 1.59300
09012013 1.59039
10012013 1.58947
11012013 1.58494
12012013 1.57473
14012013 1.57550
15012013 1.56845
16012013 1.57278
17012013 1.56806
18012013 1.56106
19012013 1.55311
21012013 1.55319
22012013 1.54942
23012013 1.55012
24012013 1.54989
25012013 1.54152
26012013 1.53545
28012013 1.53534
29012013 1.52580
30012013 1.52885
31012013 1.52554
02022013 1.53103
04022013 1.51055
05022013 1.52727
06022013 1.51255
07022013 1.51793
08022013 1.53325
09022013 1.54460
11022013 1.54436
12022013 1.52983
13022013 1.52412
14022013 1.51286
15022013 1.51571
16022013 1.51844
18022013 1.51746
19022013 1.51404
20022013 1.50691
21022013 1.49878
22022013 1.50790
23022013 1.50712
25022013 1.49836
26022013 1.50664
27022013 1.50580
28022013 1.50190
01032013 1.51032
02032013 1.49971
04032013 1.50080
05032013 1.50831
06032013 1.50688
07032013 1.50136
08032013 1.49296
09032013 1.49436
11032013 1.49377
12032013 1.49029
13032013 1.48873
14032013 1.49741
15032013 1.50890
16032013 1.50461
18032013 1.50507
19032013 1.51588
20032013 1.52018
21032013 1.51699
22032013 1.52638
23032013 1.52484
25032013 1.52375
26032013 1.53045
27032013 1.52804
28032013 1.53271
29032013 1.53506
30032013 1.53493
01042013 1.53596
02042013 1.53539
03042013 1.52535
04042013 1.52538
05042013 1.52971
06042013 1.53432
08042013 1.53584
09042013 1.52703
10042013 1.52695
11042013 1.52935
12042013 1.53215
13042013 1.52810
15042013 1.52581
16042013 1.52584
17042013 1.52274
18042013 1.52343
19042013 1.52552
20042013 1.52108
22042013 1.51959
23042013 1.52559
24042013 1.52759
25042013 1.53057
26042013 1.52851
27042013 1.52851
29042013 1.54589
30042013 1.54266
01052013 1.53934
02052013 1.53961
03052013 1.54937
04052013 1.54841
06052013 1.54858
07052013 1.54991
08052013 1.54333
09052013 1.54181
10052013 1.54513
11052013 1.54195
13052013 1.54368
14052013 1.53723
15052013 1.53385
16052013 1.53886
17052013 1.54316
18052013 1.53862
20052013 1.53808
21052013 1.54155
22052013 1.52958
23052013 1.52405
24052013 1.52232
25052013 1.52350
27052013 1.52351
28052013 1.52137
29052013 1.52361
30052013 1.52355
31052013 1.52404
01062013 1.52441
03062013 1.52492
04062013 1.52909
05062013 1.52789
06062013 1.53554
07062013 1.54004
08062013 1.53786
10062013 1.53805
11062013 1.53747
12062013 1.53705
13062013 1.53869
14062013 1.53767
15062013 1.53892
17062013 1.53854
18062013 1.53911
19062013 1.52945
20062013 1.52570
21062013 1.53155
22062013 1.53385
24062013 1.53344
25062013 1.53589
26062013 1.53758
27062013 1.53416
28062013 1.52587
29062013 1.52357
01072013 1.52431
02072013 1.52042
03072013 1.52279
04072013 1.53108
05072013 1.52013
06072013 1.51086
08072013 1.50973
09072013 1.51239
10072013 1.51189
11072013 1.50752
12072013 1.51434
13072013 1.50827
15072013 1.50939
16072013 1.50868
17072013 1.50459
18072013 1.51463
19072013 1.51707
20072013 1.51910
22072013 1.51967
23072013 1.52271
24072013 1.52162
25072013 1.51763
26072013 1.51721
27072013 1.51645
29072013 1.51562
01082013 1.51159
02082013 1.51158
03082013 1.51443
05082013 1.51454
06082013 1.51559
07082013 1.51541
08082013 1.51782
09082013 1.51866
10082013 1.51807
12082013 1.51791
13082013 1.51735
14082013 1.51715
15082013 1.51811
16082013 1.52028
17082013 1.52001
19082013 1.52003
20082013 1.52045
21082013 1.52079
22082013 1.52075
23082013 1.51933
24082013 1.51927
26082013 1.51905
27082013 1.51919
28082013 1.51864
29082013 1.51842
30082013 1.51806
31082013 1.51789
02092013 1.51846
03092013 1.51869
04092013 1.54467
05092013 1.54854
06092013 1.55316
07092013 1.55092
09092013 1.55069
10092013 1.55030
11092013 1.55355
12092013 1.55772
13092013 1.55721
14092013 1.56347
16092013 1.56544
17092013 1.56284
18092013 1.56142
19092013 1.56706
20092013 1.55853
21092013 1.55749
23092013 1.55618
24092013 1.56267
25092013 1.56025
26092013 1.56302
27092013 1.56263
28092013 1.56904
30092013 1.56878
01102013 1.57296
02102013 1.57372
03102013 1.57134
04102013 1.56128
05102013 1.55377
07102013 1.55278
08102013 1.55819
09102013 1.55759
10102013 1.55066
11102013 1.55269
12102013 1.54909
14102013 1.54931
15102013 1.55096
16102013 1.55553
17102013 1.54979
18102013 1.55726
19102013 1.55690
21102013 1.55695
22102013 1.55562
23102013 1.55505
24102013 1.54879
25102013 1.55037
26102013 1.54773
28102013 1.54677
29102013 1.54561
30102013 1.54086
31102013 1.54125
01112013 1.55408
02112013 1.55143
04112013 1.55143
05112013 1.55327
06112013 1.56496
07112013 1.56409
08112013 1.57245
09112013 1.57154
11112013 1.57209
12112013 1.56582
13112013 1.55476
14112013 1.56414
15112013 1.56867
16112013 1.57094
18112013 1.57085
19112013 1.56848
20112013 1.56785
21112013 1.57520
22112013 1.57928
23112013 1.57569
25112013 1.57751
26112013 1.57356
27112013 1.57477
28112013 1.58131
29112013 1.58504
30112013 1.58914
02122013 1.58886
03122013 1.59201
04122013 1.59206
05122013 1.58978
06122013 1.57807
07122013 1.57739
09122013 1.57621
10122013 1.58183
11122013 1.58112
16122013 1.56778
17122013 1.56700
18122013 1.56305
19122013 1.58063
20122013 1.58457
21122013 1.57926
23122013 1.57876
24122013 1.57892
26122013 1.58277
27122013 1.58627
28122013 1.58687
30122013 1.58714
31122013 1.58647
01012014 1.59528
02012014 1.59612
03012014 1.59028
04012014 1.59485
06012014 1.59522
07012014 1.58983
08012014 1.59233
09012014 1.60000
10012014 1.60139
11012014 1.59495
13012014 1.59510
14012014 1.58445
15012014 1.59046
16012014 1.59078
17012014 1.58801
18012014 1.60187
20012014 1.60126
21012014 1.59992
22012014 1.60489
23012014 1.61613
24012014 1.60687
25012014 1.59581
27012014 1.59357
28012014 1.60379
29012014 1.60468
30012014 1.60380
31012014 1.60499
01022014 1.60639
03022014 1.60627
04022014 1.58847
05022014 1.59173
06022014 1.58914
07022014 1.58582
08022014 1.59073
10022014 1.59125
11022014 1.58900
12022014 1.59387
13022014 1.61186
14022014 1.60990
15022014 1.61584
17022014 1.61702
18022014 1.61166
19022014 1.60515
20022014 1.60825
21022014 1.60689
22022014 1.60341
24022014 1.60243
25022014 1.60584
26022014 1.60631
06032014 1.61063
07032014 1.60210
11032014 1.59399
12032014 1.59056
13032014 1.58632
14032014 1.58916
15032014 1.58701
17032014 1.58775
18032014 1.58575
19032014 1.58073
20032014 1.58540
21032014 1.58695
22032014 1.58418
24032014 1.58404
25032014 1.58117
26032014 1.58513
27032014 1.59325
28032014 1.59988
29032014 1.60225
31032014 1.60208
01042014 1.60331
02042014 1.59817
03042014 1.60042
04042014 1.60146
05042014 1.60073
07042014 1.60050
08042014 1.60002
09042014 1.60716
10042014 1.60623
11042014 1.60233
12042014 1.59860
14042014 1.59807
15042014 1.60362
16042014 1.60394
17042014 1.61127
18042014 1.61074
19042014 1.61094
21042014 1.61077
22042014 1.61298
06052014 1.61443
07052014 1.61734
08052014 1.61673
09052014 1.62021
10052014 1.62091
12052014 1.62051
19052014 1.62107
20052014 1.62183
21052014 1.62461
22052014 1.63211
23052014 1.63152
24052014 1.62999
26052014 1.63065
27052014 1.63019
28052014 1.62773
29052014 1.62232
30052014 1.62174
31052014 1.62347
02062014 1.62256
03062014 1.62595
04062014 1.62358
05062014 1.62516
06062014 1.62618
07062014 1.62721
09062014 1.62700
10062014 1.63118
11062014 1.63093
12062014 1.63570
13062014 1.63646
14062014 1.65237
16062014 1.65164
17062014 1.65017
18062014 1.65123
19062014 1.64972
20062014 1.65246
21062014 1.65092
23062014 1.65047
24062014 1.65082
25062014 1.64717
26062014 1.64428
27062014 1.65049
28062014 1.64777
30062014 1.64725
01072014 1.65071
02072014 1.65573
03072014 1.65942
04072014 1.66278
05072014 1.66457
07072014 1.66472
08072014 1.66086
09072014 1.66022
10072014 1.65950
11072014 1.66072
12072014 1.65942
14072014 1.65734
15072014 1.65455
16072014 1.66605
17072014 1.66922
18072014 1.66571
19072014 1.66391
21072014 1.66378
22072014 1.66335
23072014 1.66717
24072014 1.66535
25072014 1.66035
26072014 1.66278
28072014 1.66287
29072014 1.66311
30072014 1.66177
31072014 1.66095
01082014 1.65848
02082014 1.64902
04082014 1.64846
05082014 1.65294
06082014 1.65961
07082014 1.65546
08082014 1.65579
09082014 1.64572
