04082010 1.05870
05082010 1.05430
06082010 1.05930
07082010 1.06240
09082010 1.06280
10082010 1.05810
11082010 1.06610
12082010 1.07470
13082010 1.07000
14082010 1.06690
16082010 1.06820
17082010 1.07690
18082010 1.07270
19082010 1.07380
20082010 1.07730
21082010 1.07640
23082010 1.07770
24082010 1.08310
25082010 1.09770
26082010 1.09140
27082010 1.09250
28082010 1.08030
30082010 1.07920
31082010 1.09220
01092010 1.09970
02092010 1.08940
03092010 1.09140
04092010 1.08610
06092010 1.09010
07092010 1.08940
08092010 1.09940
09092010 1.09660
10092010 1.09760
11092010 1.09300
13092010 1.09180
14092010 1.09490
15092010 1.09830
16092010 1.06610
17092010 1.06180
18092010 1.06320
20092010 1.06350
21092010 1.06290
22092010 1.06660
23092010 1.07010
24092010 1.07470
25092010 1.07040
27092010 1.07060
28092010 1.07120
29092010 1.07250
30092010 1.07540
01102010 1.07770
02102010 1.07560
04102010 1.07590
05102010 1.07640
06102010 1.07550
07102010 1.07660
08102010 1.08400
09102010 1.08690
11102010 1.08740
12102010 1.08800
13102010 1.09090
14102010 1.09040
15102010 1.09110
16102010 1.09430
18102010 1.09430
19102010 1.09730
20102010 1.10120
21102010 1.09950
22102010 1.09910
23102010 1.09850
25102010 1.09780
26102010 1.10440
27102010 1.09740
28102010 1.09780
29102010 1.10180
30102010 1.10940
01112010 1.10940
02112010 1.10890
03112010 1.10290
04112010 1.09420
05112010 1.09610
08112010 1.09240
09112010 1.09640
10112010 1.09180
11112010 1.08450
12112010 1.08510
15112010 1.08520
16112010 1.07950
17112010 1.08150
18112010 1.08080
19112010 1.07440
22112010 1.07290
23112010 1.07750
24112010 1.08650
25112010 1.08080
26112010 1.08020
29112010 1.07780
30112010 1.07910
01122010 1.09010
02122010 1.07880
03122010 1.08000
06122010 1.09120
07122010 1.09260
08122010 1.08270
09122010 1.07660
10122010 1.08090
13122010 1.07790
14122010 1.08000
15122010 1.07670
16122010 1.07470
17122010 1.07700
20122010 1.07990
21122010 1.08360
22122010 1.08460
23122010 1.08690
24122010 1.09340
27122010 1.09590
28122010 1.09400
29122010 1.09960
30122010 1.10740
31122010 1.10710
03012011 1.10980
04012011 1.10300
05012011 1.10050
06012011 1.08800
07012011 1.09130
10012011 1.09580
11012011 1.09960
12012011 1.09300
13012011 1.09150
14012011 1.08880
17012011 1.08840
18012011 1.09090
19012011 1.08980
20012011 1.09560
21012011 1.08380
24012011 1.08600
25012011 1.08600
26012011 1.08930
27012011 1.08810
28012011 1.07970
02022011 1.09530
03022011 1.09420
04022011 1.09770
07022011 1.09230
08022011 1.09010
09022011 1.08880
10022011 1.08620
11022011 1.07840
14022011 1.07860
15022011 1.08100
16022011 1.07440
17022011 1.07520
18022011 1.07750
21022011 1.07760
22022011 1.07820
23022011 1.08340
24022011 1.08410
25022011 1.09050
28022011 1.09390
01032011 1.09110
02032011 1.09020
03032011 1.08840
04032011 1.08080
07032011 1.08130
08032011 1.08210
09032011 1.07910
10032011 1.07840
11032011 1.07850
14032011 1.08940
15032011 1.08950
16032011 1.10080
17032011 1.12030
18032011 1.12340
21032011 1.09480
22032011 1.09160
23032011 1.09260
24032011 1.09610
25032011 1.09400
28032011 1.09150
29032011 1.08700
30032011 1.07830
31032011 1.07240
01042011 1.06830
02042011 1.05620
04042011 1.05500
05042011 1.05700
06042011 1.04730
07042011 1.03840
08042011 1.04470
09042011 1.04230
11042011 1.04190
12042011 1.04540
13042011 1.05490
14042011 1.05480
15042011 1.06070
16042011 1.06320
18042011 1.06260
19042011 1.07160
20042011 1.07140
21042011 1.06940
22042011 1.07450
23042011 1.07360
25042011 1.07410
26042011 1.07580
27042011 1.07650
28042011 1.06710
29042011 1.07230
30042011 1.07720
02052011 1.07710
03052011 1.07560
04052011 1.07960
05052011 1.08440
06052011 1.09590
10052011 1.09090
11052011 1.09020
12052011 1.09200
13052011 1.09310
14052011 1.09690
16052011 1.09700
17052011 1.09600
18052011 1.08760
19052011 1.08410
20052011 1.08410
21052011 1.08500
23052011 1.08580
24052011 1.08410
25052011 1.08350
26052011 1.08360
27052011 1.08900
28052011 1.09160
30052011 1.09200
31052011 1.09080
01062011 1.08170
02062011 1.09050
03062011 1.08740
04062011 1.09260
06062011 1.09290
07062011 1.09530
08062011 1.09440
09062011 1.09790
10062011 1.09490
11062011 1.09800
13062011 1.09850
14062011 1.09760
16062011 1.09570
17062011 1.09760
18062011 1.10270
20062011 1.10260
21062011 1.09950
22062011 1.09870
23062011 1.09860
24062011 1.09750
27062011 1.10220
28062011 1.09340
29062011 1.08890
30062011 1.09050
01072011 1.09320
02072011 1.08900
04072011 1.08870
05072011 1.08900
06072011 1.08820
07072011 1.09220
08072011 1.08770
11072011 1.09880
12072011 1.10260
13072011 1.11580
14072011 1.11650
15072011 1.11460
16072011 1.11530
18072011 1.11580
19072011 1.11700
20072011 1.11270
21072011 1.11700
22072011 1.11740
23072011 1.11770
25072011 1.11830
26072011 1.11920
27072011 1.12080
28072011 1.12280
29072011 1.12770
30072011 1.13790
01082011 1.13420
02082011 1.13849
03082011 1.14121
04082011 1.14067
05082011 1.11751
06082011 1.12226
08082011 1.13021
09082011 1.13683
10082011 1.14350
11082011 1.15182
12082011 1.14894
13082011 1.14889
15082011 1.15030
16082011 1.14312
17082011 1.14442
18082011 1.14669
19082011 1.14952
20082011 1.14937
22082011 1.14855
23082011 1.14577
24082011 1.14461
25082011 1.14120
26082011 1.13543
27082011 1.14356
29082011 1.14330
30082011 1.13999
31082011 1.14378
01092011 1.14756
02092011 1.14583
03092011 1.14800
05092011 1.14836
06092011 1.15051
07092011 1.14170
08092011 1.14446
09092011 1.14650
10092011 1.15288
12092011 1.15158
13092011 1.15641
14092011 1.16202
15092011 1.16487
16092011 1.16138
17092011 1.15966
19092011 1.16043
20092011 1.16863
21092011 1.17129
22092011 1.17136
23092011 1.18398
24092011 1.17717
26092011 1.17770
27092011 1.17888
28092011 1.17083
29092011 1.17662
30092011 1.17288
01102011 1.17290
03102011 1.17484
04102011 1.18630
05102011 1.18014
06102011 1.18056
07102011 1.17938
08102011 1.17652
10102011 1.17848
11102011 1.17085
12102011 1.17095
13102011 1.15577
14102011 1.16273
15102011 1.15403
17102011 1.15470
18102011 1.16430
19102011 1.16363
20102011 1.16449
21102011 1.16247
22102011 1.16909
24102011 1.16678
25102011 1.16822
26102011 1.17154
27102011 1.16689
28102011 1.16241
29102011 1.16542
31102011 1.16468
01112011 1.13746
02112011 1.14062
03112011 1.14404
04112011 1.14097
07112011 1.14000
08112011 1.14252
09112011 1.14594
10112011 1.15327
11112011 1.15434
12112011 1.15739
14112011 1.15736
15112011 1.16205
16112011 1.16506
17112011 1.16849
18112011 1.17068
19112011 1.16921
21112011 1.17148
22112011 1.16995
23112011 1.17110
24112011 1.17178
25112011 1.17458
26112011 1.16835
28112011 1.16753
29112011 1.16087
30112011 1.15952
01122011 1.16012
02122011 1.15590
03122011 1.15402
05122011 1.15420
06122011 1.15774
07122011 1.15840
08122011 1.15901
09122011 1.16155
10122011 1.16252
12122011 1.16042
13122011 1.16275
14122011 1.16599
15122011 1.16751
16122011 1.16863
17122011 1.16885
19122011 1.16913
20122011 1.16768
21122011 1.16550
22122011 1.16319
23122011 1.16108
24122011 1.16344
26122011 1.16282
27122011 1.16362
28122011 1.16500
29122011 1.16868
30122011 1.17267
31122011 1.18153
02012012 1.18170
03012012 1.18323
04012012 1.18135
05012012 1.18353
06012012 1.18216
07012012 1.18694
09012012 1.18778
10012012 1.18823
11012012 1.18721
12012012 1.18962
13012012 1.18773
14012012 1.18938
16012012 1.18921
17012012 1.19223
18012012 1.18892
19012012 1.18569
20012012 1.17756
21012012 1.18006
23012012 1.18155
24012012 1.17676
25012012 1.16579
26012012 1.16201
27012012 1.16598
28012012 1.17495
30012012 1.17481
31012012 1.18367
01022012 1.18604
02022012 1.18245
03022012 1.18400
04022012 1.17676
06022012 1.17740
07022012 1.17743
08022012 1.17136
09022012 1.16778
10022012 1.15715
11022012 1.16225
13022012 1.16151
14022012 1.16023
15022012 1.15149
16022012 1.15215
17022012 1.14246
18022012 1.13433
20022012 1.13051
21022012 1.13059
22022012 1.12938
23022012 1.12273
24022012 1.12236
25022012 1.10638
27022012 1.10610
28022012 1.11459
29022012 1.11191
01032012 1.10518
02032012 1.10656
03032012 1.10020
05032012 1.10032
06032012 1.10509
07032012 1.11901
08032012 1.11147
09032012 1.10176
10032012 1.09427
12032012 1.09523
13032012 1.09802
14032012 1.08896
15032012 1.08095
16032012 1.08242
17032012 1.08122
19032012 1.08063
20032012 1.07994
21032012 1.07608
22032012 1.08072
23032012 1.09334
24032012 1.09243
26032012 1.09031
27032012 1.08433
28032012 1.08114
29032012 1.08602
30032012 1.09175
31032012 1.08635
02042012 1.08550
03042012 1.09512
04042012 1.08822
05042012 1.09598
06042012 1.09790
07042012 1.10882
09042012 1.10869
10042012 1.10712
11042012 1.12200
12042012 1.11763
13042012 1.11492
14042012 1.11628
16042012 1.11828
17042012 1.12275
18042012 1.11598
19042012 1.11134
20042012 1.10650
21042012 1.10439
23042012 1.10471
24042012 1.11142
25042012 1.10874
26042012 1.10664
27042012 1.11118
28042012 1.11842
30042012 1.11983
01052012 1.12658
02052012 1.12253
03052012 1.12485
04052012 1.12503
05052012 1.13211
07052012 1.13396
08052012 1.13140
09052012 1.13444
10052012 1.13957
11052012 1.13475
12052012 1.13634
14052012 1.13602
15052012 1.13957
16052012 1.13739
17052012 1.13802
18052012 1.15398
19052012 1.15544
21052012 1.15494
22052012 1.15036
23052012 1.14533
24052012 1.15463
25052012 1.15484
26052012 1.15484
28052012 1.15192
29052012 1.15571
30052012 1.15641
31052012 1.16742
01062012 1.17901
02062012 1.18166
04062012 1.18264
05062012 1.17638
06062012 1.17147
07062012 1.15863
08062012 1.15405
09062012 1.15895
11062012 1.15103
12062012 1.15848
13062012 1.15655
14062012 1.15677
15062012 1.15532
16062012 1.16316
18062012 1.16245
19062012 1.15895
20062012 1.15727
21062012 1.15009
22062012 1.14331
23062012 1.14084
25062012 1.14126
26062012 1.15427
27062012 1.15609
28062012 1.15319
29062012 1.15873
30062012 1.14371
02072012 1.14527
03072012 1.15095
04072012 1.14589
05072012 1.14788
06072012 1.15122
07072012 1.15821
09072012 1.15904
10072012 1.15809
11072012 1.16243
12072012 1.15831
13072012 1.16564
14072012 1.16408
16072012 1.16291
17072012 1.16882
18072012 1.16420
19072012 1.16834
20072012 1.17082
21072012 1.17662
23072012 1.17781
24072012 1.17953
25072012 1.18472
26072012 1.18218
27072012 1.17660
28072012 1.17096
30072012 1.17176
31072012 1.17643
01082012 1.17638
02082012 1.17431
03082012 1.17961
04082012 1.16764
06082012 1.16792
07082012 1.17275
08082012 1.16639
09082012 1.16952
10082012 1.16877
11082012 1.17356
13082012 1.17457
14082012 1.17182
15082012 1.16642
16082012 1.16511
17082012 1.15660
18082012 1.15445
20082012 1.15374
21082012 1.15603
22082012 1.15503
23082012 1.16372
24082012 1.16443
25082012 1.16237
27082012 1.16201
28082012 1.16185
29082012 1.16339
30082012 1.16206
31082012 1.16395
01092012 1.16651
03092012 1.16624
04092012 1.16688
05092012 1.16558
06092012 1.16570
07092012 1.15602
08092012 1.15995
10092012 1.16017
11092012 1.16174
12092012 1.16577
13092012 1.16324
14092012 1.16465
15092012 1.14862
17092012 1.14918
18092012 1.14432
19092012 1.14478
20092012 1.15097
21092012 1.15508
22092012 1.15645
24092012 1.15609
25092012 1.16228
26092012 1.16393
27092012 1.16669
28092012 1.16605
29092012 1.16212
01102012 1.16374
02102012 1.16172
03102012 1.16007
04102012 1.15538
05102012 1.15268
06102012 1.14967
08102012 1.14984
09102012 1.15615
10102012 1.16038
11102012 1.16075
12102012 1.15673
13102012 1.15534
15102012 1.15484
16102012 1.15113
17102012 1.14558
18102012 1.14180
19102012 1.13970
20102012 1.14096
22102012 1.14138
23102012 1.13131
24102012 1.13490
25102012 1.13479
26102012 1.12770
27102012 1.13809
29102012 1.13768
30102012 1.13663
31102012 1.13772
01112012 1.13420
02112012 1.13010
03112012 1.12944
05112012 1.12935
06112012 1.13279
07112012 1.12923
08112012 1.13818
09112012 1.14618
10112012 1.14652
12112012 1.14609
13112012 1.14617
14112012 1.14727
15112012 1.13585
16112012 1.12102
17112012 1.12161
19112012 1.11997
20112012 1.11725
21112012 1.11255
22112012 1.10156
23112012 1.10094
24112012 1.09834
26112012 1.09807
27112012 1.10178
28112012 1.10253
29112012 1.10207
30112012 1.10199
01122012 1.09802
03122012 1.09745
04122012 1.09878
05122012 1.10263
06122012 1.09654
07122012 1.09870
08122012 1.09912
10122012 1.09901
11122012 1.09858
12122012 1.09527
13122012 1.08416
14122012 1.07959
15122012 1.07896
17122012 1.07812
18122012 1.07399
19122012 1.06805
20122012 1.06529
21122012 1.06480
22122012 1.06999
24122012 1.06929
25122012 1.06179
26122012 1.06297
27122012 1.05181
28122012 1.04659
29122012 1.04641
31122012 1.04854
01012013 1.03854
02012013 1.03819
03012013 1.03329
04012013 1.03568
05012013 1.02419
07012013 1.02406
08012013 1.02669
09012013 1.03499
10012013 1.02929
11012013 1.01896
12012013 1.00618
14012013 1.00614
15012013 1.00310
16012013 1.01125
17012013 1.01548
18012013 0.99642
19012013 0.99863
21012013 0.99789
22012013 1.00210
23012013 1.01303
24012013 1.01408
25012013 0.99930
26012013 0.98663
28012013 0.98744
29012013 0.98970
30012013 0.98893
31012013 0.98221
02022013 0.97400
04022013 0.96369
05022013 0.97021
06022013 0.95920
07022013 0.96076
08022013 0.96142
09022013 0.96951
11022013 0.97075
12022013 0.96349
13022013 0.96125
14022013 0.96187
15022013 0.96856
16022013 0.96495
18022013 0.96273
19022013 0.95926
20022013 0.96401
21022013 0.96341
22022013 0.97331
23022013 0.96966
25022013 0.96962
26022013 0.97980
27022013 0.98875
28022013 0.98315
01032013 0.98045
02032013 0.97278
04032013 0.97242
05032013 0.97408
06032013 0.97481
07032013 0.97001
08032013 0.95784
09032013 0.95070
11032013 0.94884
12032013 0.94515
13032013 0.94800
14032013 0.94899
15032013 0.94621
16032013 0.95205
18032013 0.95399
19032013 0.95615
20032013 0.95904
21032013 0.94808
22032013 0.95968
23032013 0.96201
25032013 0.96194
26032013 0.96807
27032013 0.96391
28032013 0.96691
29032013 0.96880
30032013 0.96834
01042013 0.96791
02042013 0.97642
03042013 0.97609
04042013 0.98067
05042013 0.94519
06042013 0.92888
08042013 0.93055
09042013 0.91460
10042013 0.91547
11042013 0.90803
12042013 0.90663
13042013 0.91804
15042013 0.92109
16042013 0.94047
17042013 0.92697
18042013 0.92640
19042013 0.92471
20042013 0.91291
22042013 0.91130
23042013 0.91482
24042013 0.91445
25042013 0.91531
26042013 0.91583
27042013 0.91583
29042013 0.92572
30042013 0.92552
01052013 0.92747
02052013 0.92885
03052013 0.92505
04052013 0.91405
06052013 0.91357
07052013 0.91227
08052013 0.91586
09052013 0.91476
10052013 0.90243
11052013 0.89579
13052013 0.89476
14052013 0.89417
15052013 0.89192
16052013 0.89264
17052013 0.89291
18052013 0.88668
20052013 0.88716
21052013 0.89348
22052013 0.89159
23052013 0.89015
24052013 0.89758
25052013 0.90453
27052013 0.90272
28052013 0.90508
29052013 0.89603
30052013 0.90405
31052013 0.90505
01062013 0.90951
03062013 0.90921
04062013 0.91523
05062013 0.91088
06062013 0.91922
07062013 0.93476
08062013 0.93191
10062013 0.93084
11062013 0.91893
12062013 0.94538
13062013 0.94336
14062013 0.94974
15062013 0.95884
17062013 0.96157
18062013 0.95716
19062013 0.94921
20062013 0.94078
21062013 0.93465
22062013 0.93339
24062013 0.93288
25062013 0.93439
26062013 0.93391
27062013 0.93542
28062013 0.93052
29062013 0.92354
01072013 0.92430
02072013 0.91833
03072013 0.91126
04072013 0.91759
05072013 0.91885
06072013 0.91029
08072013 0.91061
09072013 0.91017
10072013 0.91201
11072013 0.91807
12072013 0.92409
13072013 0.92148
15072013 0.92193
16072013 0.91770
17072013 0.92181
18072013 0.91683
19072013 0.90884
20072013 0.90948
22072013 0.90768
23072013 0.91559
24072013 0.91495
25072013 0.90889
26072013 0.91664
27072013 0.92596
29072013 0.92616
01082013 0.92790
02082013 0.91971
03082013 0.92320
05082013 0.92275
06082013 0.92632
07082013 0.92942
08082013 0.93651
09082013 0.93507
10082013 0.93790
12082013 0.93778
13082013 0.93451
14082013 0.92715
15082013 0.92749
16082013 0.93207
17082013 0.93042
19082013 0.93045
20082013 0.93073
21082013 0.93203
22082013 0.92892
23082013 0.92404
24082013 0.92424
26082013 0.92470
27082013 0.92545
28082013 0.93293
29082013 0.92931
30082013 0.92646
31082013 0.92691
02092013 0.92689
03092013 0.92044
04092013 0.91492
05092013 0.91417
06092013 0.91163
07092013 0.91955
09092013 0.91906
10092013 0.91274
11092013 0.90517
12092013 0.90805
13092013 0.91250
14092013 0.91422
16092013 0.91322
17092013 0.91407
18092013 0.91333
19092013 0.91881
20092013 0.90676
21092013 0.90790
23092013 0.90871
24092013 0.91333
25092013 0.91436
26092013 0.91609
27092013 0.91300
28092013 0.91818
30092013 0.91999
01102013 0.91723
02102013 0.92115
03102013 0.92446
04102013 0.92487
05102013 0.92469
07102013 0.92446
08102013 0.92976
09102013 0.92972
10102013 0.92677
11102013 0.91821
12102013 0.91470
14102013 0.91640
15102013 0.91400
16102013 0.91735
17102013 0.91212
18102013 0.91685
19102013 0.91683
21102013 0.91779
22102013 0.91390
23102013 0.91222
24102013 0.92034
25102013 0.92078
26102013 0.92004
28102013 0.91988
29102013 0.91748
30102013 0.91487
31102013 0.91104
01112013 0.91637
02112013 0.91439
04112013 0.91500
05112013 0.91535
06112013 0.91573
07112013 0.91349
08112013 0.92300
09112013 0.91353
11112013 0.91347
12112013 0.91206
13112013 0.90830
14112013 0.90969
15112013 0.90370
16112013 0.90089
18112013 0.90109
19112013 0.90206
20112013 0.90023
21112013 0.90363
22112013 0.89452
23112013 0.89111
25112013 0.89126
26112013 0.88920
27112013 0.89160
28112013 0.88421
29112013 0.88209
30112013 0.88100
02122013 0.88079
03122013 0.87623
04122013 0.88136
05122013 0.88401
06122013 0.88625
07122013 0.87526
09122013 0.87499
10122013 0.87148
11122013 0.87481
16122013 0.87699
17122013 0.87402
18122013 0.87728
19122013 0.86990
20122013 0.86661
21122013 0.86706
23122013 0.86692
24122013 0.86608
26122013 0.86472
27122013 0.86106
28122013 0.85710
30122013 0.85652
31122013 0.85564
01012014 0.85448
02012014 0.85391
03012014 0.86174
04012014 0.86252
06012014 0.86127
07012014 0.86535
08012014 0.86445
09012014 0.86244
10012014 0.86305
11012014 0.86730
13012014 0.86600
14012014 0.87653
15012014 0.86624
16012014 0.86464
17012014 0.86713
18012014 0.86885
20012014 0.86860
21012014 0.86930
22012014 0.86840
23012014 0.86725
24012014 0.87546
25012014 0.88369
27012014 0.88617
28012014 0.87987
29012014 0.87898
30012014 0.88630
31012014 0.88253
01022014 0.88722
03022014 0.88959
04022014 0.89961
05022014 0.89196
06022014 0.89447
07022014 0.88607
08022014 0.88343
10022014 0.88285
11022014 0.88424
12022014 0.87983
13022014 0.88145
14022014 0.88164
15022014 0.88436
17022014 0.88544
18022014 0.88374
19022014 0.87950
20022014 0.88006
21022014 0.88104
22022014 0.87907
24022014 0.87947
25022014 0.87877
26022014 0.88166
06032014 0.87686
07032014 0.87125
11032014 0.87040
12032014 0.87335
13032014 0.87472
14032014 0.88461
15032014 0.88649
17032014 0.88634
18032014 0.88191
19032014 0.88502
20032014 0.87825
21032014 0.87972
22032014 0.88175
24032014 0.88075
25032014 0.88029
26032014 0.87938
27032014 0.88162
28032014 0.88048
29032014 0.87476
31032014 0.87467
01042014 0.87072
02042014 0.86673
03042014 0.86582
04042014 0.86641
05042014 0.87157
07042014 0.87129
08042014 0.87231
09042014 0.88220
10042014 0.87862
11042014 0.88264
12042014 0.88140
14042014 0.88141
15042014 0.88101
16042014 0.88104
17042014 0.87674
18042014 0.87591
19042014 0.87602
21042014 0.87599
22042014 0.87477
06052014 0.87775
07052014 0.87989
08052014 0.87795
09052014 0.88143
10052014 0.88152
12052014 0.88143
19052014 0.88576
20052014 0.88605
21052014 0.88763
22052014 0.88677
23052014 0.88445
24052014 0.88286
26052014 0.88297
27052014 0.88297
28052014 0.88252
29052014 0.88491
30052014 0.88515
31052014 0.88412
02062014 0.88427
03062014 0.87993
04062014 0.87846
05062014 0.87722
06062014 0.87832
07062014 0.87760
09062014 0.87792
10062014 0.87841
11062014 0.88090
12062014 0.88344
13062014 0.88577
14062014 0.88288
16062014 0.88249
17062014 0.88358
18062014 0.88204
19062014 0.88239
20062014 0.88177
21062014 0.88075
23062014 0.88073
24062014 0.88110
25062014 0.88214
26062014 0.88198
27062014 0.88337
28062014 0.88507
30062014 0.88502
01072014 0.88497
02072014 0.88261
03072014 0.88132
04072014 0.87895
05072014 0.88028
07072014 0.88017
08072014 0.88199
09072014 0.88444
10072014 0.88306
11072014 0.88641
12072014 0.88670
14072014 0.88710
15072014 0.88453
16072014 0.88438
17072014 0.88483
18072014 0.88935
19072014 0.88799
21072014 0.88796
22072014 0.88779
23072014 0.88818
24072014 0.88748
25072014 0.88543
26072014 0.88601
28072014 0.88598
29072014 0.88558
30072014 0.88444
31072014 0.87865
01082014 0.87899
02082014 0.88095
04082014 0.88071
05082014 0.88094
06082014 0.88182
07082014 0.88597
08082014 0.88704
09082014 0.88602
