01062012 58.980
02062012 58.850
04062012 58.770
05062012 59.180
06062012 59.410
07062012 60.720
08062012 61.330
09062012 61.050
11062012 61.830
12062012 61.320
13062012 61.530
14062012 61.740
15062012 61.820
16062012 61.980
18062012 62.300
19062012 62.550
20062012 62.980
21062012 63.260
22062012 63.180
23062012 63.630
25062012 63.490
26062012 62.600
27062012 62.830
28062012 62.990
29062012 62.290
30062012 64.050
02072012 63.900
03072012 63.760
04072012 64.210
05072012 64.160
06072012 64.190
07072012 63.410
09072012 63.440
10072012 63.420
11072012 63.210
12072012 63.560
13072012 62.590
14072012 62.880
16072012 63.200
17072012 62.780
18072012 63.030
19072012 63.000
20072012 63.020
21072012 62.680
23072012 62.510
24072012 61.790
25072012 61.360
26072012 61.710
27072012 62.680
28072012 63.570
30072012 63.510
31072012 63.160
01082012 63.280
02082012 63.400
03082012 63.200
04082012 64.280
06082012 64.310
07082012 64.140
08082012 64.180
09082012 63.920
10082012 63.670
11082012 63.490
13082012 63.460
14082012 63.260
15082012 63.410
16082012 63.600
17082012 64.310
18082012 64.170
20082012 64.220
21082012 64.180
22082012 64.260
23082012 63.980
24082012 63.810
25082012 63.800
27082012 63.800
28082012 63.640
29082012 63.050
30082012 63.160
31082012 62.670
01092012 62.820
03092012 62.660
04092012 62.390
05092012 62.180
06092012 62.220
07092012 63.320
08092012 63.450
10092012 63.430
11092012 63.290
12092012 63.610
13092012 63.800
14092012 64.170
15092012 64.890
17092012 64.950
18092012 64.980
19092012 65.000
20092012 64.810
21092012 64.710
22092012 64.830
24092012 64.810
25092012 63.790
26092012 64.220
27092012 63.970
28092012 64.540
29092012 64.800
01102012 64.580
02102012 64.640
03102012 64.600
04102012 64.250
05102012 64.410
06102012 64.430
08102012 64.210
09102012 64.250
10102012 63.850
11102012 63.720
12102012 64.030
13102012 64.040
15102012 64.090
16102012 64.430
17102012 64.140
18102012 64.750
19102012 64.820
20102012 64.670
22102012 64.600
23102012 65.160
24102012 64.770
25102012 65.130
26102012 65.920
27102012 65.480
29102012 65.470
30102012 65.350
31102012 65.350
01112012 65.510
02112012 66.290
03112012 66.260
05112012 66.260
06112012 66.130
07112012 66.520
08112012 65.950
09112012 64.830
10112012 64.670
12112012 64.760
13112012 64.910
14112012 65.040
15112012 65.030
16112012 65.690
17112012 65.870
19112012 66.150
20112012 66.350
21112012 66.560
22112012 67.040
23112012 67.170
24112012 67.900
26112012 67.730
27112012 67.460
28112012 67.470
29112012 67.400
30112012 67.510
01122012 67.590
03122012 67.570
04122012 67.450
05122012 67.440
06122012 67.930
07122012 68.430
08122012 68.500
10122012 68.650
11122012 68.660
12122012 69.170
13122012 70.210
14122012 70.350
15122012 70.620
17122012 71.310
18122012 70.640
19122012 70.820
20122012 70.610
21122012 70.320
22122012 69.300
24122012 69.480
25122012 69.720
26122012 69.630
27122012 69.950
28122012 70.350
29122012 70.520
31122012 70.300
01012013 71.510
02012013 71.660
03012013 72.290
04012013 72.390
05012013 73.170
07012013 73.160
08012013 73.210
09012013 72.810
10012013 73.650
11012013 74.430
12012013 74.600
14012013 74.880
15012013 75.000
16012013 74.390
17012013 74.380
18012013 75.550
19012013 75.210
21012013 75.330
22012013 75.030
23012013 74.490
24012013 74.550
25012013 75.290
26012013 76.120
28012013 76.020
29012013 75.460
30012013 75.930
31012013 75.690
01022013 76.790
02022013 78.300
04022013 78.620
05022013 77.980
06022013 78.860
07022013 78.540
08022013 77.720
09022013 77.440
11022013 77.530
12022013 78.240
13022013 78.610
14022013 78.600
15022013 78.790
16022013 79.060
18022013 79.080
19022013 79.400
20022013 79.140
21022013 78.270
22022013 77.400
23022013 78.310
25022013 79.020
26022013 77.830
27022013 75.770
28022013 75.770
01032013 76.750
02032013 77.120
04032013 77.050
05032013 76.860
06032013 77.620
07032013 77.690
08032013 78.530
09032013 78.520
11032013 78.700
12032013 79.500
13032013 79.110
14032013 79.240
15032013 78.910
16032013 78.840
18032013 77.820
19032013 78.700
20032013 78.290
21032013 78.810
22032013 78.990
23032013 78.850
25032013 78.830
26032013 78.510
27032013 79.190
28032013 78.910
29032013 78.670
30032013 78.810
01042013 78.800
02042013 78.160
03042013 78.570
04042013 78.070
05042013 80.880
06042013 81.960
08042013 82.590
09042013 83.820
10042013 84.490
11042013 85.390
12042013 86.140
13042013 84.880
15042013 84.130
16042013 82.530
17042013 82.980
18042013 82.300
19042013 82.610
20042013 83.630
22042013 83.810
23042013 83.380
24042013 83.470
25042013 84.030
26042013 84.650
27042013 83.240
29042013 83.040
30042013 83.910
01052013 83.560
02052013 82.500
03052013 83.280
04052013 84.570
06052013 84.469
07052013 84.630
08052013 83.690
09052013 82.920
10052013 84.550
11052013 84.370
13052013 84.352
14052013 83.930
15052013 83.770
16052013 84.020
17052013 83.430
18052013 83.230
20052013 83.098
21052013 83.480
22052013 83.800
23052013 83.390
24052013 82.810
25052013 81.540
27052013 81.812
28052013 81.670
29052013 82.580
30052013 82.070
31052013 81.500
01062013 80.250
03062013 79.981
04062013 80.320
05062013 79.740
06062013 78.720
07062013 77.830
08062013 76.760
10062013 76.540
11062013 77.890
12062013 75.220
13062013 76.470
14062013 76.100
15062013 75.820
17062013 75.708
18062013 75.860
19062013 76.190
20062013 76.520
21062013 75.800
22062013 75.560
24062013 75.611
25062013 75.750
26062013 75.620
27062013 76.010
28062013 76.592
29062013 76.858
01072013 76.500
02072013 77.757
03072013 77.923
04072013 77.620
05072013 78.380
06072013 77.740
08072013 77.887
09072013 78.710
10072013 79.310
11072013 78.280
12072013 77.390
13072013 77.270
15072013 77.193
16072013 77.900
17072013 78.160
18072013 78.570
19072013 79.380
20072013 79.540
22072013 79.281
23072013 79.200
24072013 79.480
25072013 79.390
26072013 80.310
27072013 79.220
29072013 79.130
30072013 78.330
31072013 78.130
01082013 78.140
02082013 78.310
03082013 77.620
05082013 76.720
06082013 76.880
07082013 77.230
08082013 76.870
09082013 77.360
10082013 77.420
12082013 77.300
13082013 77.310
14082013 78.080
15082013 78.780
16082013 78.600
17082013 78.970
19082013 79.160
20082013 78.770
21082013 77.580
22082013 77.010
23082013 77.300
24082013 77.070
26082013 76.910
27082013 77.380
28082013 75.560
29082013 76.150
30082013 76.280
31082013 75.880
02092013 79.710
03092013 77.520
04092013 78.310
05092013 78.785
06092013 79.015
07092013 79.264
09092013 79.711
10092013 79.894
11092013 80.918
12092013 80.709
13092013 80.968
14092013 80.750
16092013 81.184
17092013 80.949
18092013 81.661
19092013 82.006
20092013 83.266
21092013 83.210
23092013 82.784
24092013 82.735
25092013 81.657
26092013 81.177
27092013 81.861
28092013 81.306
30092013 80.811
01102013 81.621
02102013 80.970
03102013 80.896
04102013 80.735
05102013 81.110
07102013 80.817
08102013 80.579
09102013 80.379
10102013 80.871
11102013 81.450
12102013 81.985
14102013 81.695
15102013 82.566
16102013 82.280
17102013 83.244
18102013 83.102
19102013 83.039
21102013 83.076
22102013 83.048
23102013 83.557
24102013 81.715
25102013 81.225
26102013 80.648
28102013 80.908
29102013 81.046
30102013 81.001
31102013 81.083
01112013 81.200
02112013 81.280
04112013 81.446
05112013 81.612
06112013 81.959
07112013 82.808
08112013 81.447
09112013 81.686
11112013 81.908
12112013 81.819
13112013 81.962
14112013 82.014
15112013 82.815
16112013 83.508
18112013 83.738
19112013 83.435
20112013 83.671
21112013 82.664
22112013 82.816
23112013 82.850
25112013 82.960
26112013 83.336
27112013 83.049
28112013 83.127
29112013 83.158
30112013 83.340
02122013 83.619
03122013 84.313
04122013 84.492
05122013 83.695
06122013 83.539
07122013 85.263
09122013 85.416
10122013 85.468
11122013 85.411
16122013 85.052
17122013 85.057
18122013 84.760
19122013 85.341
20122013 85.210
21122013 85.237
23122013 85.317
24122013 85.371
26122013 85.391
27122013 85.399
28122013 85.647
30122013 85.839
31122013 86.200
01012014 86.646
02012014 86.403
03012014 85.585
04012014 86.796
06012014 86.745
07012014 86.405
08012014 86.596
09012014 86.611
10012014 86.354
11012014 86.345
13012014 86.232
14012014 86.102
15012014 87.283
16012014 87.194
17012014 87.120
18012014 86.136
20012014 86.046
21012014 86.030
22012014 86.678
23012014 86.722
24012014 85.662
25012014 84.387
27012014 83.717
28012014 84.663
29012014 84.972
30012014 83.855
31012014 83.659
01022014 82.694
03022014 82.729
04022014 81.559
05022014 83.346
06022014 83.196
07022014 84.334
08022014 84.790
10022014 84.885
11022014 84.456
12022014 85.453
13022014 85.188
14022014 85.426
15022014 85.272
17022014 85.033
18022014 85.224
19022014 84.971
20022014 84.791
21022014 84.797
22022014 84.891
24022014 84.889
25022014 85.390
26022014 85.094
06032014 86.763
07032014 87.378
11032014 87.671
12032014 87.162
13032014 86.624
14032014 86.763
15032014 86.415
17032014 86.339
18032014 87.173
19032014 87.395
20032014 87.635
21032014 87.343
22032014 87.200
24032014 87.329
25032014 87.304
26032014 87.689
27032014 87.717
28032014 88.587
29032014 88.960
31032014 89.164
01042014 89.566
02042014 89.644
03042014 88.828
04042014 88.721
05042014 88.667
07042014 88.615
08042014 88.685
09042014 88.180
10042014 88.822
11042014 88.087
12042014 88.296
14042014 88.156
15042014 88.346
16042014 87.990
17042014 88.254
18042014 87.695
19042014 87.796
21042014 87.773
22042014 87.830
23042014 88.210
24042014 87.780
25042014 87.530
26042014 87.640
28042014 87.610
29042014 87.280
30042014 87.720
01052014 87.930
02052014 88.170
03052014 88.570
05052014 88.530
06052014 88.620
07052014 88.910
08052014 88.333
09052014 87.876
10052014 87.714
12052014 87.837
19052014 87.660
20052014 87.420
21052014 86.841
22052014 86.827
23052014 87.104
24052014 87.107
26052014 87.065
27052014 87.151
28052014 87.115
29052014 86.535
30052014 86.196
31052014 86.437
02062014 86.451
03062014 86.536
04062014 86.400
05062014 86.462
06062014 87.065
07062014 87.087
09062014 87.106
10062014 87.022
11062014 87.235
12062014 87.276
13062014 88.299
14062014 88.400
16062014 88.435
17062014 88.367
18062014 88.357
19062014 88.944
20062014 88.816
21062014 88.777
23062014 88.802
24062014 88.807
25062014 88.480
26062014 88.932
27062014 89.222
28062014 89.026
30062014 88.959
01072014 88.678
02072014 89.065
03072014 89.256
04072014 89.437
05072014 89.210
07072014 89.243
08072014 89.217
09072014 89.217
10072014 89.636
11072014 89.384
12072014 89.302
14072014 89.298
15072014 89.420
16072014 89.154
17072014 88.570
18072014 87.818
19072014 88.026
21072014 88.220
22072014 88.109
23072014 87.921
24072014 88.181
25072014 87.298
26072014 87.101
28072014 87.043
29072014 87.067
30072014 86.750
31072014 87.251
01082014 87.379
02082014 87.249
04082014 87.193
05082014 87.420
06082014 86.870
07082014 86.465
08082014 86.549
09082014 86.376
