01062012 0.75290
02062012 0.75310
04062012 0.75300
05062012 0.75570
06062012 0.75490
07062012 0.76790
08062012 0.77070
09062012 0.76900
11062012 0.77690
12062012 0.77230
13062012 0.77500
14062012 0.77870
15062012 0.77970
16062012 0.78790
18062012 0.79090
19062012 0.79130
20062012 0.79800
21062012 0.79560
22062012 0.78820
23062012 0.79120
25062012 0.78950
26062012 0.78680
27062012 0.79110
28062012 0.79060
29062012 0.78500
30062012 0.80240
02072012 0.80050
03072012 0.80310
04072012 0.80410
05072012 0.80410
06072012 0.80370
07072012 0.79610
09072012 0.79720
10072012 0.79680
11072012 0.79610
12072012 0.79850
13072012 0.78940
14072012 0.79440
16072012 0.79770
17072012 0.79690
18072012 0.79750
19072012 0.79980
20072012 0.80200
21072012 0.79870
23072012 0.79720
24072012 0.78790
25072012 0.78520
26072012 0.78980
27072012 0.80130
28072012 0.80900
30072012 0.81000
31072012 0.80810
01082012 0.80990
02082012 0.81230
03082012 0.80820
04082012 0.81820
06082012 0.81860
07082012 0.82090
08082012 0.81590
09082012 0.81500
10082012 0.81080
11082012 0.81200
13082012 0.81170
14082012 0.80810
15082012 0.80540
16082012 0.80650
17082012 0.81070
18082012 0.80710
20082012 0.80750
21082012 0.80890
22082012 0.81080
23082012 0.80850
24082012 0.81340
25082012 0.81160
27082012 0.81110
28082012 0.80910
29082012 0.80380
30082012 0.80250
31082012 0.79800
01092012 0.80260
03092012 0.80020
04092012 0.79740
05092012 0.79310
06092012 0.79420
07092012 0.80260
08092012 0.81180
10092012 0.81090
11092012 0.80910
12092012 0.81800
13092012 0.81940
14092012 0.82910
15092012 0.82910
17092012 0.82940
18092012 0.82550
19092012 0.82660
20092012 0.82790
21092012 0.82680
22092012 0.83030
24092012 0.82960
25092012 0.81970
26092012 0.82540
27092012 0.82320
28092012 0.83160
29092012 0.83030
01102012 0.82870
02102012 0.82880
03102012 0.82750
04102012 0.81860
05102012 0.82260
06102012 0.81930
08102012 0.81670
09102012 0.82110
10102012 0.81660
11102012 0.81580
12102012 0.81790
13102012 0.81740
15102012 0.81730
16102012 0.81860
17102012 0.81360
18102012 0.82110
19102012 0.81980
20102012 0.81590
22102012 0.81520
23102012 0.81660
24102012 0.81180
25102012 0.81680
26102012 0.82170
27102012 0.82210
29102012 0.82250
30102012 0.81920
31102012 0.82120
01112012 0.82190
02112012 0.82720
03112012 0.82450
05112012 0.82410
06112012 0.82430
07112012 0.82810
08112012 0.82510
09112012 0.81640
10112012 0.81450
12112012 0.81500
13112012 0.81750
14112012 0.81970
15112012 0.81130
16112012 0.80940
17112012 0.81000
19112012 0.81320
20112012 0.81760
21112012 0.81550
22112012 0.81310
23112012 0.81510
24112012 0.82420
26112012 0.82280
27112012 0.82160
28112012 0.82070
29112012 0.82330
30112012 0.82240
01122012 0.81960
03122012 0.82040
04122012 0.82100
05122012 0.82420
06122012 0.82520
07122012 0.83140
08122012 0.83220
10122012 0.83250
11122012 0.83380
12122012 0.83870
13122012 0.84430
14122012 0.84220
15122012 0.84660
17122012 0.84590
18122012 0.84340
19122012 0.84170
20122012 0.83630
21122012 0.83330
22122012 0.82380
24122012 0.82390
25122012 0.82210
26122012 0.82120
27122012 0.81690
28122012 0.81820
29122012 0.81950
31122012 0.81960
01012013 0.82640
02012013 0.82610
03012013 0.83000
04012013 0.83170
05012013 0.82980
07012013 0.83040
08012013 0.83510
09012013 0.83490
10012013 0.83890
11012013 0.84450
12012013 0.83710
14012013 0.83890
15012013 0.83970
16012013 0.83860
17012013 0.83980
18012013 0.84130
19012013 0.83590
21012013 0.83640
22012013 0.83630
23012013 0.84010
24012013 0.84170
25012013 0.83770
26012013 0.83600
28012013 0.83520
29012013 0.83140
30012013 0.83740
31012013 0.83120
01022013 0.84110
02022013 0.84640
04022013 0.84780
05022013 0.84450
06022013 0.84520
07022013 0.84150
08022013 0.83190
09022013 0.83430
11022013 0.83620
12022013 0.83760
13022013 0.84120
14022013 0.84080
15022013 0.84690
16022013 0.84560
18022013 0.84440
19022013 0.84510
20022013 0.84790
21022013 0.83560
22022013 0.83230
23022013 0.83840
25022013 0.83620
26022013 0.83590
27022013 0.82530
28022013 0.82440
01032013 0.82780
02032013 0.82460
04032013 0.82300
05032013 0.82380
06032013 0.83180
07032013 0.82760
08032013 0.82730
09032013 0.81980
11032013 0.82040
12032013 0.82630
13032013 0.82500
14032013 0.82540
15032013 0.82180
16032013 0.82650
18032013 0.82310
19032013 0.82480
20032013 0.82360
21032013 0.82240
22032013 0.83270
23032013 0.83520
25032013 0.83430
26032013 0.83520
27032013 0.83830
28032013 0.83660
29032013 0.83610
30032013 0.83670
01042013 0.83610
02042013 0.83780
03042013 0.84160
04042013 0.84180
05042013 0.84210
06042013 0.84210
08042013 0.84120
09042013 0.84560
10042013 0.85200
11042013 0.85670
12042013 0.86270
13042013 0.85760
15042013 0.85680
16042013 0.84510
17042013 0.85010
18042013 0.84350
19042013 0.84190
20042013 0.84330
22042013 0.83980
23042013 0.84030
24042013 0.84010
25042013 0.84550
26042013 0.85240
27042013 0.84870
29042013 0.84800
30042013 0.85680
01052013 0.85660
02052013 0.84940
03052013 0.84990
04052013 0.85340
06052013 0.85225
07052013 0.85150
08052013 0.84510
09052013 0.83880
10052013 0.84220
11052013 0.83070
13052013 0.82781
14052013 0.82370
15052013 0.81960
16052013 0.82160
17052013 0.81810
18052013 0.80810
20052013 0.80870
21052013 0.81600
22052013 0.81720
23052013 0.80690
24052013 0.81380
25052013 0.80800
27052013 0.80995
28052013 0.80810
29052013 0.80930
30052013 0.81240
31052013 0.80780
01062013 0.79600
03062013 0.79648
04062013 0.81040
05062013 0.79740
06062013 0.79330
07062013 0.80260
08062013 0.78730
10062013 0.78224
11062013 0.79000
12062013 0.78540
13062013 0.79790
14062013 0.80390
15062013 0.80530
17062013 0.80408
18062013 0.79910
19062013 0.80070
20062013 0.80400
21062013 0.77360
22062013 0.77400
24062013 0.77399
25062013 0.77540
26062013 0.77380
27062013 0.77860
28062013 0.77927
29062013 0.77490
01072013 0.77109
02072013 0.78079
03072013 0.77423
04072013 0.77680
05072013 0.78340
06072013 0.76950
08072013 0.76914
09072013 0.78000
10072013 0.78580
11072013 0.78000
12072013 0.77970
13072013 0.77770
15072013 0.77702
16072013 0.78020
17072013 0.78850
18072013 0.78990
19072013 0.79010
20072013 0.79310
22072013 0.78932
23072013 0.79600
24072013 0.79860
25072013 0.79160
26072013 0.80730
27072013 0.80790
29072013 0.80693
30072013 0.80130
31072013 0.79720
01082013 0.79550
02082013 0.78780
03082013 0.78480
05082013 0.77930
06082013 0.78030
07082013 0.79080
08082013 0.79650
09082013 0.80280
10082013 0.80360
12082013 0.80290
13082013 0.80120
14082013 0.79500
15082013 0.80280
16082013 0.80640
17082013 0.80910
19082013 0.81060
20082013 0.80660
21082013 0.79780
22082013 0.78930
23082013 0.78380
24082013 0.78080
26082013 0.78060
27082013 0.78450
28082013 0.77860
29082013 0.77930
30082013 0.77710
31082013 0.77340
02092013 0.77620
03092013 0.78090
04092013 0.78277
05092013 0.79092
06092013 0.78900
07092013 0.80016
09092013 0.79974
10092013 0.80244
11092013 0.80669
12092013 0.80836
13092013 0.81424
14092013 0.81375
16092013 0.82204
17092013 0.81657
18092013 0.82387
19092013 0.83634
20092013 0.83764
21092013 0.83772
23092013 0.83436
24092013 0.83770
25092013 0.82696
26092013 0.82475
27092013 0.82794
28092013 0.82771
30092013 0.82727
01102013 0.83044
02102013 0.82773
03102013 0.83084
04102013 0.82992
05102013 0.83230
07102013 0.83158
08102013 0.83197
09102013 0.82952
10102013 0.83077
11102013 0.82923
12102013 0.83199
14102013 0.83114
15102013 0.83774
16102013 0.83702
17102013 0.84239
18102013 0.84892
19102013 0.84869
21102013 0.84898
22102013 0.84585
23102013 0.85160
24102013 0.83941
25102013 0.83500
26102013 0.82847
28102013 0.82795
29102013 0.82942
30102013 0.82506
31102013 0.82223
01112013 0.82587
02112013 0.82313
04112013 0.82517
05112013 0.82818
06112013 0.83131
07112013 0.83917
08112013 0.83209
09112013 0.82384
11112013 0.82418
12112013 0.82467
13112013 0.82244
14112013 0.82542
15112013 0.82790
16112013 0.83330
18112013 0.83532
19112013 0.83394
20112013 0.83510
21112013 0.82597
22112013 0.81932
23112013 0.81772
25112013 0.81855
26112013 0.81997
27112013 0.82022
28112013 0.81393
29112013 0.81327
30112013 0.81376
02122013 0.81647
03122013 0.81783
04122013 0.82554
05122013 0.81952
06122013 0.82155
07122013 0.82853
09122013 0.82911
10122013 0.82808
11122013 0.83141
16122013 0.82558
17122013 0.82591
18122013 0.82562
19122013 0.82445
20122013 0.81822
21122013 0.81943
23122013 0.82020
24122013 0.82024
26122013 0.81735
27122013 0.81577
28122013 0.81500
30122013 0.81637
31122013 0.82036
01012014 0.82282
02012014 0.82019
03012014 0.81753
04012014 0.82937
06012014 0.82737
07012014 0.82872
08012014 0.82884
09012014 0.82618
10012014 0.82450
11012014 0.82997
13012014 0.82901
14012014 0.83667
15012014 0.83759
16012014 0.83352
17012014 0.83515
18012014 0.82579
20012014 0.82576
21012014 0.82603
22012014 0.83139
23012014 0.83065
24012014 0.83023
25012014 0.82495
27012014 0.82253
28012014 0.82420
29012014 0.82601
30012014 0.82345
31012014 0.81452
01022014 0.80816
03022014 0.81030
04022014 0.80878
05022014 0.82032
06022014 0.82129
07022014 0.82592
08022014 0.82906
10022014 0.82843
11022014 0.82653
12022014 0.83279
13022014 0.83133
14022014 0.83511
15022014 0.83715
17022014 0.83616
18022014 0.83589
19022014 0.83050
20022014 0.82853
21022014 0.82900
22022014 0.82817
24022014 0.82804
25022014 0.83315
26022014 0.83300
06032014 0.84468
07032014 0.84806
11032014 0.84866
12032014 0.84635
13032014 0.84560
14032014 0.85411
15032014 0.85310
17032014 0.85254
18032014 0.85684
19032014 0.86202
20032014 0.85521
21032014 0.85273
22032014 0.85396
24032014 0.85514
25032014 0.85454
26032014 0.85773
27032014 0.86033
28032014 0.86718
29032014 0.86541
31032014 0.86628
01042014 0.86770
02042014 0.86474
03042014 0.85543
04042014 0.85394
05042014 0.85871
07042014 0.85800
08042014 0.86041
09042014 0.86711
10042014 0.87135
11042014 0.86842
12042014 0.86882
14042014 0.86767
15042014 0.86808
16042014 0.86398
17042014 0.86275
18042014 0.85624
19042014 0.85721
21042014 0.85698
22042014 0.85599
23042014 0.85970
24042014 0.85820
25042014 0.85610
26042014 0.85800
28042014 0.85760
29042014 0.85290
30042014 0.85520
01052014 0.86100
02052014 0.86250
03052014 0.86660
05052014 0.86670
06052014 0.86820
07052014 0.87504
08052014 0.86699
09052014 0.86522
10052014 0.86149
12052014 0.86209
19052014 0.86350
20052014 0.86217
21052014 0.85744
22052014 0.85630
23052014 0.85613
24052014 0.85423
26052014 0.85405
27052014 0.85510
28052014 0.85417
29052014 0.84967
30052014 0.84714
31052014 0.84908
02062014 0.84876
03062014 0.84505
04062014 0.84270
05062014 0.84179
06062014 0.85010
07062014 0.84943
09062014 0.84984
10062014 0.84882
11062014 0.85243
12062014 0.85542
13062014 0.86869
14062014 0.86686
16062014 0.86654
17062014 0.86773
18062014 0.86517
19062014 0.87248
20062014 0.87103
21062014 0.86975
23062014 0.86990
24062014 0.87083
25062014 0.86817
26062014 0.87312
27062014 0.87731
28062014 0.87794
30062014 0.87756
01072014 0.87536
02072014 0.87733
03072014 0.87699
04072014 0.87522
05072014 0.87417
07072014 0.87454
08072014 0.87602
09072014 0.87872
10072014 0.88218
11072014 0.88230
12072014 0.88144
14072014 0.88101
15072014 0.88054
16072014 0.87687
17072014 0.87087
18072014 0.86769
19072014 0.86865
21072014 0.87057
22072014 0.86900
23072014 0.86682
24072014 0.86883
25072014 0.85765
26072014 0.85531
28072014 0.85501
29072014 0.85469
30072014 0.84972
31072014 0.84830
01082014 0.84945
02082014 0.85047
04082014 0.85038
05082014 0.85238
06082014 0.84690
07082014 0.84745
08082014 0.84839
09082014 0.84622
