09102013 1659.260
10102013 1660.880
11102013 1691.090
14102013 1699.860
15102013 1709.170
16102013 1700.490
17102013 1720.170
18102013 1736.720
21102013 1745.200
22102013 1746.480
23102013 1752.270
24102013 1747.480
25102013 1756.010
28102013 1761.580
29102013 1767.050
30102013 1771.940
31102013 1758.340
01112013 1759.380
04112013 1763.400
05112013 1765.670
06112013 1765.000
07112013 1770.740
08112013 1748.370
11112013 1769.960
12112013 1769.510
13112013 1761.960
14112013 1782.750
15112013 1790.660
18112013 1798.820
19112013 1790.790
20112013 1789.590
21112013 1783.520
22112013 1797.210
25112013 1806.330
26112013 1802.870
27112013 1803.480
29112013 1808.690
02122013 1806.550
03122013 1800.100
04122013 1793.150
05122013 1792.820
06122013 1788.360
09122013 1806.210
10122013 1807.600
11122013 1802.760
12122013 1781.710
13122013 1777.980
16122013 1777.480
17122013 1786.470
18122013 1781.460
19122013 1809.000
20122013 1810.390
23122013 1822.920
24122013 1828.020
26122013 1834.960
27122013 1842.970
30122013 1841.470
31122013 1842.610
02012014 1845.860
03012014 1833.210
06012014 1832.310
07012014 1828.710
08012014 1837.900
09012014 1839.000
10012014 1840.060
13012014 1841.260
14012014 1824.770
15012014 1840.520
16012014 1847.990
17012014 1844.230
21012014 1841.050
22012014 1844.710
23012014 1842.290
24012014 1826.960
27012014 1791.030
28012014 1783.000
29012014 1790.150
30012014 1777.170
31012014 1790.880
03022014 1782.680
04022014 1743.820
05022014 1753.380
06022014 1767.210
07022014 1776.010
10022014 1796.200
11022014 1800.450
12022014 1820.120
13022014 1814.820
14022014 1828.460
18022014 1839.030
19022014 1838.900
20022014 1829.240
21022014 1841.070
24022014 1836.780
25022014 1847.660
26022014 1845.790
27022014 1844.900
28022014 1855.120
03032014 1857.680
04032014 1849.230
05032014 1874.050
06032014 1874.180
07032014 1878.520
10032014 1870.660
11032014 1878.260
12032014 1866.150
13032014 1869.060
14032014 1845.070
17032014 1842.810
18032014 1858.920
19032014 1872.470
20032014 1860.090
21032014 1874.530
24032014 1867.670
25032014 1859.480
26032014 1867.090
27032014 1852.110
28032014 1850.070
31032014 1859.160
01042014 1873.960
02042014 1886.610
03042014 1891.430
04042014 1890.250
07042014 1863.920
08042014 1845.480
09042014 1852.640
10042014 1872.280
11042014 1830.650
14042014 1818.180
15042014 1831.450
16042014 1846.010
17042014 1861.730
21042014 1865.790
22042014 1872.570
23042014 1879.320
24042014 1881.970
25042014 1877.720
28042014 1865.000
29042014 1870.780
30042014 1877.100
01052014 1884.390
02052014 1884.850
05052014 1879.450
06052014 1883.690
07052014 1868.530
08052014 1877.390
09052014 1875.270
12052014 1880.030
13052014 1896.750
14052014 1896.330
15052014 1888.160
16052014 1871.190
19052014 1876.660
20052014 1884.880
21052014 1873.340
22052014 1888.190
23052014 1893.320
26052014 1900.530
27052014 1902.010
28052014 1911.770
29052014 1910.600
30052014 1920.330
02062014 1923.870
03062014 1923.070
04062014 1923.060
05062014 1928.520
06062014 1942.410
09062014 1948.970
10062014 1950.340
11062014 1949.370
12062014 1943.350
13062014 1930.800
16062014 1934.840
17062014 1937.150
18062014 1942.730
19062014 1957.500
20062014 1960.450
23062014 1962.920
24062014 1960.500
25062014 1950.900
26062014 1959.300
27062014 1957.400
28062014 1960.100
30062014 1958.600
01072014 1959.900
02072014 1973.100
03072014 1975.100
04072014 1983.200
07072014 1982.100
08072014 1978.200
09072014 1965.000
10072014 1973.500
11072014 1965.300
12072014 1968.000
14072014 1968.200
15072014 1978.300
16072014 1974.500
17072014 1981.800
18072014 1958.400
19072014 1977.600
21072014 1978.400
22072014 1974.400
23072014 1982.800
24072014 1987.800
25072014 1987.500
26072014 1978.300
28072014 1975.800
29072014 1978.800
30072014 1970.700
31072014 1970.900
01082014 1930.800
02082014 1926.200
04082014 1922.300
05082014 1939.100
06082014 1920.200
07082014 1920.300
08082014 1909.300
09082014 1930.500
