01062012 1.03260
02062012 1.03970
04062012 1.03900
05062012 1.04180
06062012 1.03890
07062012 1.02940
08062012 1.02430
09062012 1.03050
11062012 1.02210
12062012 1.02900
13062012 1.02680
14062012 1.02660
15062012 1.02520
16062012 1.02320
18062012 1.02060
19062012 1.02530
20062012 1.01670
21062012 1.01850
22062012 1.02690
23062012 1.02570
25062012 1.02700
26062012 1.02880
27062012 1.02470
28062012 1.02550
29062012 1.03480
30062012 1.01790
02072012 1.01620
03072012 1.01790
04072012 1.01260
05072012 1.01220
06072012 1.01320
07072012 1.01970
09072012 1.02040
10072012 1.01930
11072012 1.02060
12072012 1.01880
13072012 1.01980
14072012 1.01470
16072012 1.01310
17072012 1.01490
18072012 1.01310
19072012 1.01070
20072012 1.00820
21072012 1.01200
23072012 1.01390
24072012 1.01720
25072012 1.02170
26072012 1.01520
27072012 1.01010
28072012 1.00450
30072012 1.00400
31072012 1.00240
01082012 1.00220
02082012 1.00150
03082012 1.00720
04082012 0.99860
06082012 1.00150
07082012 0.99950
08082012 0.99660
09082012 0.99450
10082012 0.99230
11082012 0.99160
13082012 0.99150
14082012 0.99310
15082012 0.99150
16082012 0.98890
17082012 0.98620
18082012 0.98890
20082012 0.98870
21082012 0.98860
22082012 0.98770
23082012 0.99270
24082012 0.99370
25082012 0.99110
27082012 0.99210
28082012 0.99020
29082012 0.98760
30082012 0.98750
31082012 0.99240
01092012 0.98590
03092012 0.98750
04092012 0.98570
05092012 0.98660
06092012 0.99060
07092012 0.98230
08092012 0.97770
10092012 0.97740
11092012 0.97680
12092012 0.97220
13092012 0.97530
14092012 0.96970
15092012 0.97040
17092012 0.97000
18092012 0.97400
19092012 0.97470
20092012 0.97510
21092012 0.97810
22092012 0.97640
24092012 0.97620
25092012 0.97990
26092012 0.97860
27092012 0.98490
28092012 0.97920
29092012 0.98280
01102012 0.98380
02102012 0.98230
03102012 0.98320
04102012 0.98720
05102012 0.98010
06102012 0.97810
08102012 0.97730
09102012 0.97600
10102012 0.97870
11102012 0.98130
12102012 0.97830
13102012 0.97960
15102012 0.97860
16102012 0.97790
17102012 0.98590
18102012 0.97870
19102012 0.98230
20102012 0.99320
22102012 0.99430
23102012 0.99430
24102012 0.99280
25102012 0.99350
26102012 0.99370
27102012 0.99790
29102012 0.99770
30102012 1.00060
31102012 0.99900
01112012 0.99960
02112012 0.99600
03112012 0.99550
05112012 0.99550
06112012 0.99680
07112012 0.99200
08112012 0.99640
09112012 0.99880
10112012 0.99990
12112012 0.99970
13112012 0.99900
14112012 1.00120
15112012 1.00260
16112012 1.00170
17112012 1.00110
19112012 1.00050
20112012 0.99660
21112012 0.99820
22112012 0.99640
23112012 0.99740
24112012 0.99180
26112012 0.99270
27112012 0.99410
28112012 0.99280
29112012 0.99290
30112012 0.99230
01122012 0.99270
03122012 0.99310
04122012 0.99440
05122012 0.99240
06122012 0.99140
07122012 0.99130
08122012 0.98940
10122012 0.98700
11122012 0.98710
12122012 0.98610
13122012 0.98300
14122012 0.98490
15122012 0.98570
17122012 0.98610
18122012 0.98440
19122012 0.98530
20122012 0.98680
21122012 0.98720
22122012 0.99300
24122012 0.99340
25122012 0.99200
26122012 0.99260
27122012 0.99450
28122012 0.99510
29122012 0.99560
31122012 0.99620
01012013 0.99320
02012013 0.99260
03012013 0.98650
04012013 0.98530
05012013 0.98640
07012013 0.98640
08012013 0.98600
09012013 0.98670
10012013 0.98700
11012013 0.98500
12012013 0.98330
14012013 0.98400
15012013 0.98380
16012013 0.98450
17012013 0.98580
18012013 0.98470
19012013 0.99190
21012013 0.99180
22012013 0.99280
23012013 0.99230
24012013 0.99860
25012013 1.00310
26012013 1.00770
28012013 1.00630
29012013 1.00610
30012013 1.00240
31012013 1.00130
01022013 0.99610
02022013 0.99740
04022013 0.99640
05022013 0.99800
06022013 0.99680
07022013 0.99680
08022013 0.99820
09022013 1.00260
11022013 1.00240
12022013 1.00590
13022013 1.00260
14022013 1.00150
15022013 1.00130
16022013 1.00660
18022013 1.00710
19022013 1.01090
20022013 1.01250
21022013 1.01660
22022013 1.02030
23022013 1.02180
25022013 1.02210
26022013 1.02740
27022013 1.02600
28022013 1.02460
01032013 1.02860
02032013 1.02790
04032013 1.02720
05032013 1.02910
06032013 1.02710
07032013 1.03140
08032013 1.02920
09032013 1.02800
11032013 1.02820
12032013 1.02600
13032013 1.02590
14032013 1.02700
15032013 1.02200
16032013 1.01900
18032013 1.02250
19032013 1.02160
20032013 1.02720
21032013 1.02450
22032013 1.02370
23032013 1.02270
25032013 1.02300
26032013 1.02130
27032013 1.01620
28032013 1.01610
29032013 1.01630
30032013 1.01730
01042013 1.01740
02042013 1.01650
03042013 1.01400
04042013 1.01420
05042013 1.01120
06042013 1.01800
08042013 1.01790
09042013 1.01860
10042013 1.01480
11042013 1.01510
12042013 1.01070
13042013 1.01330
15042013 1.01410
16042013 1.02210
17042013 1.02090
18042013 1.02650
19042013 1.02550
20042013 1.02600
22042013 1.02550
23042013 1.02670
24042013 1.02590
25042013 1.02680
26042013 1.01940
27042013 1.01660
29042013 1.01660
30042013 1.01140
01052013 1.00710
02052013 1.00770
03052013 1.00790
04052013 1.00810
06052013 1.00753
07052013 1.00720
08052013 1.00500
09052013 1.00270
10052013 1.00330
11052013 1.01160
13052013 1.01128
14052013 1.01030
15052013 1.01540
16052013 1.01700
17052013 1.01630
18052013 1.02730
20052013 1.02812
21052013 1.02450
22052013 1.02590
23052013 1.03660
24052013 1.03090
25052013 1.03310
27052013 1.03067
28052013 1.03340
29052013 1.03890
30052013 1.03540
31052013 1.03070
01062013 1.03510
03062013 1.03702
04062013 1.02620
05062013 1.03550
06062013 1.03380
07062013 1.02530
08062013 1.02170
10062013 1.02128
11062013 1.01840
12062013 1.01920
13062013 1.02000
14062013 1.01690
15062013 1.01680
17062013 1.01713
18062013 1.01850
19062013 1.02030
20062013 1.01720
21062013 1.03770
22062013 1.04630
24062013 1.04799
25062013 1.04950
26062013 1.05140
27062013 1.04760
28062013 1.04748
29062013 1.05149
01072013 1.05263
02072013 1.04941
03072013 1.05473
04072013 1.05140
05072013 1.05060
06072013 1.05870
08072013 1.05816
09072013 1.05700
10072013 1.05320
11072013 1.05080
12072013 1.03960
13072013 1.03970
15072013 1.03838
16072013 1.04210
17072013 1.03700
18072013 1.04080
19072013 1.03790
20072013 1.03630
22072013 1.03608
23072013 1.03360
24072013 1.02930
25072013 1.03130
26072013 1.02730
27072013 1.02780
29072013 1.02795
30072013 1.02680
31072013 1.03010
01082013 1.02820
02082013 1.03380
03082013 1.03840
05082013 1.03876
06082013 1.03650
07082013 1.03690
08082013 1.04130
09082013 1.03180
10082013 1.02810
12082013 1.02954
13082013 1.03020
14082013 1.03440
15082013 1.03290
16082013 1.03120
17082013 1.03490
19082013 1.03393
20082013 1.03400
21082013 1.03870
22082013 1.04370
23082013 1.05190
24082013 1.05140
26082013 1.05087
27082013 1.05070
28082013 1.04950
29082013 1.04780
30082013 1.05300
31082013 1.05190
02092013 1.05292
03092013 1.05450
04092013 1.05303
05092013 1.04921
06092013 1.05051
07092013 1.04084
09092013 1.04112
10092013 1.03728
11092013 1.03474
12092013 1.03151
13092013 1.03257
14092013 1.03468
16092013 1.03125
17092013 1.03251
18092013 1.02942
19092013 1.02222
20092013 1.02634
21092013 1.02983
23092013 1.03028
24092013 1.02839
25092013 1.03017
26092013 1.03131
27092013 1.03124
28092013 1.03023
30092013 1.03138
01102013 1.03003
02102013 1.03250
03102013 1.03306
04102013 1.03260
05102013 1.02912
07102013 1.02917
08102013 1.03119
09102013 1.03677
10102013 1.03926
11102013 1.03958
12102013 1.03537
14102013 1.03674
15102013 1.03437
16102013 1.03802
17102013 1.03341
18102013 1.02920
19102013 1.02941
21102013 1.02899
22102013 1.03011
23102013 1.02883
24102013 1.03836
25102013 1.04250
26102013 1.04543
28102013 1.04462
29102013 1.04441
30102013 1.04689
31102013 1.04841
01112013 1.04268
02112013 1.04274
04112013 1.04198
05112013 1.04208
06112013 1.04611
07112013 1.04188
08112013 1.04458
09112013 1.04884
11112013 1.04827
12112013 1.04728
13112013 1.04912
14112013 1.04656
15112013 1.04823
16112013 1.04474
18112013 1.04353
19112013 1.04290
20112013 1.04761
21112013 1.04547
22112013 1.05245
23112013 1.05304
25112013 1.05227
26112013 1.05555
27112013 1.05441
28112013 1.05957
29112013 1.05868
30112013 1.06130
02122013 1.06175
03122013 1.06352
04122013 1.06490
05122013 1.06826
06122013 1.06475
07122013 1.06605
09122013 1.06451
10122013 1.06373
11122013 1.06109
16122013 1.05898
17122013 1.05864
18122013 1.06135
19122013 1.06557
20122013 1.06626
21122013 1.06603
23122013 1.06398
24122013 1.06047
26122013 1.06248
27122013 1.06416
28122013 1.07115
30122013 1.07005
31122013 1.06400
01012014 1.06299
02012014 1.06449
03012014 1.06621
04012014 1.06173
06012014 1.06327
07012014 1.06540
08012014 1.07652
09012014 1.08079
10012014 1.08659
11012014 1.08922
13012014 1.09066
14012014 1.08563
15012014 1.09481
16012014 1.09550
17012014 1.09193
18012014 1.09719
20012014 1.09625
21012014 1.09586
22012014 1.09812
23012014 1.10814
24012014 1.11150
25012014 1.10662
27012014 1.10652
28012014 1.10961
29012014 1.11507
30012014 1.11596
31012014 1.11756
01022014 1.11270
03022014 1.11159
04022014 1.10960
05022014 1.10719
06022014 1.10773
07022014 1.10664
08022014 1.10322
10022014 1.10349
11022014 1.10461
12022014 1.10117
13022014 1.09974
14022014 1.09744
15022014 1.09804
17022014 1.09866
18022014 1.09608
19022014 1.09436
20022014 1.10791
21022014 1.11064
22022014 1.11265
24022014 1.11062
25022014 1.10597
26022014 1.10811
06032014 1.10339
07032014 1.09846
11032014 1.11184
12032014 1.11034
13032014 1.11162
14032014 1.10533
15032014 1.10957
17032014 1.10909
18032014 1.10531
19032014 1.11375
20032014 1.12448
21032014 1.12421
22032014 1.12088
24032014 1.12083
25032014 1.11951
26032014 1.11583
27032014 1.10843
28032014 1.10314
29032014 1.10601
31032014 1.10617
01042014 1.10551
02042014 1.10326
03042014 1.10353
04042014 1.10366
05042014 1.09811
07042014 1.09775
08042014 1.09691
09042014 1.09215
10042014 1.08722
11042014 1.09286
12042014 1.09782
14042014 1.09712
15042014 1.09544
16042014 1.09763
17042014 1.10171
18042014 1.10131
19042014 1.10209
21042014 1.10217
22042014 1.10151
23042014 1.10190
24042014 1.10290
25042014 1.10320
26042014 1.10380
28042014 1.10380
29042014 1.10270
30042014 1.09490
01052014 1.09460
02052014 1.09650
03052014 1.09740
05052014 1.09780
06052014 1.09520
07052014 1.08792
08052014 1.08931
09052014 1.08229
10052014 1.08957
12052014 1.08985
19052014 1.08600
20052014 1.08680
21052014 1.08993
22052014 1.09152
23052014 1.08928
24052014 1.08700
26052014 1.08712
27052014 1.08586
28052014 1.08602
29052014 1.08732
30052014 1.08363
31052014 1.08421
02062014 1.08418
03062014 1.08974
04062014 1.09095
05062014 1.09385
06062014 1.09272
07062014 1.09293
09062014 1.09250
10062014 1.09081
11062014 1.09038
12062014 1.08671
13062014 1.08545
14062014 1.08566
16062014 1.08546
17062014 1.08401
18062014 1.08636
19062014 1.08482
20062014 1.08229
21062014 1.07522
23062014 1.07523
24062014 1.07174
25062014 1.07434
26062014 1.07220
27062014 1.06931
28062014 1.06603
30062014 1.06629
01072014 1.06701
02072014 1.06316
03072014 1.06668
04072014 1.06378
05072014 1.06567
07072014 1.06495
08072014 1.06769
09072014 1.06767
10072014 1.06593
11072014 1.06468
12072014 1.07331
14072014 1.07348
15072014 1.07150
16072014 1.07574
17072014 1.07456
18072014 1.07575
19072014 1.07363
21072014 1.07298
22072014 1.07305
23072014 1.07354
24072014 1.07294
25072014 1.07436
26072014 1.08130
28072014 1.08158
29072014 1.08010
30072014 1.08580
31072014 1.09004
01082014 1.09032
02082014 1.09264
04082014 1.09178
05082014 1.09076
06082014 1.09604
07082014 1.09124
08082014 1.09216
09082014 1.09710
