01062012 0.97150
02062012 0.96850
04062012 0.96710
05062012 0.96170
06062012 0.96500
07062012 0.95620
08062012 0.95380
09062012 0.96000
11062012 0.95030
12062012 0.96020
13062012 0.96070
14062012 0.95300
15062012 0.95350
16062012 0.95010
18062012 0.94580
19062012 0.95490
20062012 0.94360
21062012 0.94500
22062012 0.95560
23062012 0.95570
25062012 0.95700
26062012 0.96040
27062012 0.96130
28062012 0.96320
29062012 0.96670
30062012 0.94860
02072012 0.94730
03072012 0.95480
04072012 0.95260
05072012 0.95790
06072012 0.96960
07072012 0.97780
09072012 0.97930
10072012 0.97500
11072012 0.97950
12072012 0.97900
13072012 0.98460
14072012 0.98110
16072012 0.97870
17072012 0.97850
18072012 0.97890
19072012 0.97920
20072012 0.97900
21072012 0.98740
23072012 0.99070
24072012 0.99050
25072012 0.99590
26072012 0.98840
27072012 0.97760
28072012 0.97460
30072012 0.97640
31072012 0.98020
01082012 0.97590
02082012 0.97670
03082012 0.98720
04082012 0.97090
06082012 0.96880
07082012 0.96860
08082012 0.96720
09082012 0.97210
10082012 0.97730
11082012 0.97630
13082012 0.97680
14082012 0.97340
15082012 0.97390
16082012 0.97740
17082012 0.97100
18082012 0.97480
20082012 0.97210
21082012 0.97290
22082012 0.96230
23082012 0.96260
24082012 0.95540
25082012 0.95780
27082012 0.95950
28082012 0.95970
29082012 0.95530
30082012 0.95810
31082012 0.96060
01092012 0.95510
03092012 0.95500
04092012 0.95310
05092012 0.95590
06092012 0.95540
07092012 0.95360
08092012 0.94480
10092012 0.94340
11092012 0.94530
12092012 0.93870
13092012 0.93740
14092012 0.93640
15092012 0.92670
17092012 0.92640
18092012 0.92800
19092012 0.92920
20092012 0.92760
21092012 0.93400
22092012 0.93190
24092012 0.93270
25092012 0.93650
26092012 0.93530
27092012 0.93980
28092012 0.93660
29092012 0.93940
01102012 0.94060
02102012 0.93730
03102012 0.93520
04102012 0.93840
05102012 0.92930
06102012 0.92920
08102012 0.92960
09102012 0.93260
10102012 0.94050
11102012 0.93820
12102012 0.93440
13102012 0.93290
15102012 0.93310
16102012 0.93310
17102012 0.92640
18102012 0.92170
19102012 0.92350
20102012 0.92800
22102012 0.92810
23102012 0.92720
24102012 0.93300
25102012 0.93320
26102012 0.93420
27102012 0.93520
29102012 0.93400
30102012 0.93620
31102012 0.93210
01112012 0.93100
02112012 0.93190
03112012 0.94090
05112012 0.94140
06112012 0.94370
07112012 0.94220
08112012 0.94520
09112012 0.94540
10112012 0.94820
12112012 0.94830
13112012 0.94770
14112012 0.94700
15112012 0.94400
16112012 0.94200
17112012 0.94610
19112012 0.94460
20112012 0.94030
21112012 0.94050
22112012 0.93840
23112012 0.93620
24112012 0.92790
26112012 0.92830
27112012 0.92850
28112012 0.93070
29112012 0.93030
30112012 0.92760
01122012 0.92660
03122012 0.92810
04122012 0.92530
05122012 0.92660
06122012 0.92590
07122012 0.93360
08122012 0.93370
10122012 0.93680
11122012 0.93340
12122012 0.93220
13122012 0.92590
14122012 0.92360
15122012 0.91720
17122012 0.91640
18122012 0.91750
19122012 0.91290
20122012 0.91220
21122012 0.91140
22122012 0.91650
24122012 0.91630
25122012 0.91540
26122012 0.91570
27122012 0.91350
28122012 0.91390
29122012 0.91340
31122012 0.91340
01012013 0.91440
02012013 0.91480
03012013 0.91880
04012013 0.92230
05012013 0.92550
07012013 0.92440
08012013 0.92150
09012013 0.92400
10012013 0.92570
11012013 0.91350
12012013 0.91250
14012013 0.91240
15012013 0.91970
16012013 0.93150
17012013 0.93130
18012013 0.93240
19012013 0.93410
21012013 0.93500
22012013 0.93200
23012013 0.92870
24012013 0.92890
25012013 0.92840
26012013 0.92640
28012013 0.92680
29012013 0.92650
30012013 0.92130
31012013 0.91180
01022013 0.91000
02022013 0.90640
04022013 0.90800
05022013 0.90840
06022013 0.90780
07022013 0.90900
08022013 0.91830
09022013 0.91760
11022013 0.91790
12022013 0.91770
13022013 0.91640
14022013 0.91780
15022013 0.92300
16022013 0.92190
18022013 0.92240
19022013 0.92330
20022013 0.92220
21022013 0.92430
22022013 0.93180
23022013 0.93010
25022013 0.92930
26022013 0.93150
27022013 0.93230
28022013 0.93240
01032013 0.93380
02032013 0.94320
04032013 0.94220
05032013 0.94110
06032013 0.94130
07032013 0.94770
08032013 0.94180
09032013 0.95130
11032013 0.95160
12032013 0.94750
13032013 0.94690
14032013 0.95210
15032013 0.94680
16032013 0.93990
18032013 0.94290
19032013 0.94510
20032013 0.94750
21032013 0.94330
22032013 0.94610
23032013 0.94110
25032013 0.94170
26032013 0.94730
27032013 0.94790
28032013 0.95310
29032013 0.94860
30032013 0.94860
01042013 0.95000
02042013 0.94610
03042013 0.94860
04042013 0.94450
05042013 0.93950
06042013 0.93260
08042013 0.93500
09042013 0.93450
10042013 0.93170
11042013 0.93280
12042013 0.93010
13042013 0.92870
15042013 0.92680
16042013 0.93040
17042013 0.92140
18042013 0.93160
19042013 0.93080
20042013 0.93180
22042013 0.93160
23042013 0.93470
24042013 0.94310
25042013 0.94670
26042013 0.94480
27042013 0.94250
29042013 0.94100
30042013 0.93680
01052013 0.93060
02052013 0.92600
03052013 0.93450
04052013 0.93530
06052013 0.93495
07052013 0.93790
08052013 0.93960
09052013 0.93480
10052013 0.94480
11052013 0.95670
13052013 0.95904
14052013 0.95780
15052013 0.96390
16052013 0.96540
17052013 0.96050
18052013 0.97240
20052013 0.96991
21052013 0.96610
22052013 0.96980
23052013 0.98020
24052013 0.96720
25052013 0.96110
27052013 0.96141
28052013 0.96400
29052013 0.97400
30052013 0.96340
31052013 0.95320
01062013 0.95990
03062013 0.95585
04062013 0.94410
05062013 0.94760
06062013 0.94250
07062013 0.92940
08062013 0.93440
10062013 0.93665
11062013 0.93220
12062013 0.92450
13062013 0.92160
14062013 0.92190
15062013 0.92120
17062013 0.92138
18062013 0.92530
19062013 0.91860
20062013 0.91850
21062013 0.92780
22062013 0.93320
24062013 0.93638
25062013 0.93260
26062013 0.93800
27062013 0.94290
28062013 0.94459
29062013 0.94446
01072013 0.94357
02072013 0.94516
03072013 0.95086
04072013 0.94680
05072013 0.95740
06072013 0.96240
08072013 0.96529
09072013 0.96410
10072013 0.97290
11072013 0.96590
12072013 0.94840
13072013 0.94640
15072013 0.94515
16072013 0.94890
17072013 0.94040
18072013 0.93930
19072013 0.94430
20072013 0.94100
22072013 0.94089
23072013 0.93560
24072013 0.93560
25072013 0.93810
26072013 0.93180
27072013 0.92720
29072013 0.92793
30072013 0.93090
31072013 0.93000
01082013 0.92740
02082013 0.93550
03082013 0.92760
05082013 0.92882
06082013 0.92850
07082013 0.92530
08082013 0.92080
09082013 0.91960
10082013 0.92200
12082013 0.92378
13082013 0.92470
14082013 0.93320
15082013 0.93540
16082013 0.92700
17082013 0.92650
19082013 0.92595
20082013 0.92290
21082013 0.91750
22082013 0.92000
23082013 0.92310
24082013 0.92130
26082013 0.92087
27082013 0.92330
28082013 0.91750
29082013 0.92190
30082013 0.93030
31082013 0.93020
02092013 0.93125
03092013 0.93410
04092013 0.93764
05092013 0.93550
06092013 0.94477
07092013 0.93779
09092013 0.93874
10092013 0.93208
11092013 0.93466
12092013 0.93002
13092013 0.93069
14092013 0.92937
16092013 0.92356
17092013 0.92736
18092013 0.92576
19092013 0.91345
20092013 0.91066
21092013 0.91079
23092013 0.90890
24092013 0.91090
25092013 0.91268
26092013 0.90922
27092013 0.91043
28092013 0.90572
30092013 0.90605
01102013 0.90435
02102013 0.90526
03102013 0.90212
04102013 0.89937
05102013 0.90712
07102013 0.90665
08102013 0.90361
09102013 0.90408
10102013 0.91021
11102013 0.91148
12102013 0.91143
14102013 0.90942
15102013 0.90989
16102013 0.91335
17102013 0.91374
18102013 0.90223
19102013 0.90192
21102013 0.90172
22102013 0.90185
23102013 0.89496
24102013 0.89209
25102013 0.89213
26102013 0.89229
28102013 0.89241
29102013 0.89564
30102013 0.89906
31102013 0.89937
01112013 0.90738
02112013 0.91233
04112013 0.91198
05112013 0.90944
06112013 0.91282
07112013 0.91181
08112013 0.91580
09112013 0.92265
11112013 0.92222
12112013 0.91928
13112013 0.91814
14112013 0.91497
15112013 0.91626
16112013 0.91517
18112013 0.91425
19112013 0.91348
20112013 0.91146
21112013 0.91799
22112013 0.91504
23112013 0.90720
25112013 0.90717
26112013 0.91199
27112013 0.90624
28112013 0.90803
29112013 0.90572
30112013 0.90662
02122013 0.90600
03122013 0.90861
04122013 0.90451
05122013 0.90261
06122013 0.89583
07122013 0.89244
09122013 0.89145
10122013 0.89036
11122013 0.88715
16122013 0.88558
17122013 0.88711
18122013 0.88503
19122013 0.88772
20122013 0.89831
21122013 0.89554
23122013 0.89602
24122013 0.89413
25122013 0.89524
26122013 0.89510
27122013 0.89626
28122013 0.89257
30122013 0.89063
31122013 0.88739
01012014 0.89290
02012014 0.89129
03012014 0.90076
04012014 0.90462
06012014 0.90457
07012014 0.90395
08012014 0.90855
09012014 0.91082
10012014 0.90843
11012014 0.90322
13012014 0.90194
14012014 0.89947
15012014 0.90284
16012014 0.90880
17012014 0.90482
18012014 0.91127
20012014 0.91050
21012014 0.90906
22012014 0.91017
23012014 0.91140
24012014 0.89753
25012014 0.89498
27012014 0.89417
28012014 0.89736
29012014 0.89776
30012014 0.89460
31012014 0.90337
01022014 0.90796
03022014 0.90636
04022014 0.90082
05022014 0.90430
06022014 0.90328
07022014 0.90059
08022014 0.89760
10022014 0.89850
11022014 0.89688
12022014 0.89813
13022014 0.90039
14022014 0.89425
15022014 0.89169
17022014 0.89155
18022014 0.89173
19022014 0.88846
20022014 0.88814
21022014 0.88933
22022014 0.88709
24022014 0.88745
25022014 0.88894
26022014 0.88708
27022014 0.89103
28022014 0.88832
01032014 0.87796
03032014 0.87917
04032014 0.88336
05032014 0.88740
06032014 0.88771
07032014 0.88043
08032014 0.87733
10032014 0.87717
11032014 0.87804
12032014 0.87804
13032014 0.87382
14032014 0.87502
15032014 0.87250
17032014 0.87195
18032014 0.87326
19032014 0.87328
20032014 0.88079
21032014 0.88393
22032014 0.88242
24032014 0.88149
25032014 0.88056
26032014 0.88283
27032014 0.88435
28032014 0.88650
29032014 0.88653
31032014 0.88594
01042014 0.88402
02042014 0.88323
03042014 0.88674
04042014 0.89137
05042014 0.89172
07042014 0.89225
08042014 0.88742
09042014 0.88340
10042014 0.87935
11042014 0.87639
12042014 0.87579
14042014 0.87716
15042014 0.87981
16042014 0.88050
17042014 0.88208
18042014 0.88335
19042014 0.88340
21042014 0.88308
22042014 0.88501
23042014 0.88499
24042014 0.88330
25042014 0.88203
26042014 0.88134
28042014 0.88060
29042014 0.88047
30042014 0.88347
01052014 0.88013
02052014 0.87951
03052014 0.87812
05052014 0.87695
06052014 0.87777
07052014 0.87401
08052014 0.87607
09052014 0.87976
10052014 0.88658
12052014 0.88589
13052014 0.88776
14052014 0.89018
15052014 0.88982
16052014 0.89069
19052014 0.89230
20052014 0.89194
21052014 0.89195
22052014 0.89325
23052014 0.89418
24052014 0.89553
26052014 0.89603
27052014 0.89456
28052014 0.89677
29052014 0.89820
30052014 0.89779
31052014 0.89543
02062014 0.89461
03062014 0.89859
04062014 0.89674
05062014 0.89716
06062014 0.89182
07062014 0.89339
09062014 0.89320
10062014 0.89730
11062014 0.89925
12062014 0.90002
13062014 0.89770
14062014 0.90020
16062014 0.89963
17062014 0.89744
18062014 0.89966
19062014 0.89655
20062014 0.89436
21062014 0.89543
23062014 0.89481
24062014 0.89420
25062014 0.89400
26062014 0.89292
27062014 0.89357
28062014 0.89105
30062014 0.89093
01072014 0.88675
02072014 0.88740
03072014 0.88921
04072014 0.89348
05072014 0.89449
07072014 0.89424
08072014 0.89316
09072014 0.89291
10072014 0.89096
11072014 0.89230
12072014 0.89201
14072014 0.89212
15072014 0.89189
16072014 0.89594
17072014 0.89841
18072014 0.89751
19072014 0.89833
21072014 0.89766
22072014 0.89809
23072014 0.90222
24072014 0.90221
25072014 0.90250
26072014 0.90468
28072014 0.90438
29072014 0.90445
30072014 0.90688
31072014 0.90891
01082014 0.90881
02082014 0.90621
04082014 0.90534
05082014 0.90669
06082014 0.90940
07082014 0.90767
08082014 0.90864
09082014 0.90536
