11122012 5.73985
12122012 5.73645
13122012 5.70340
14122012 5.70581
15122012 5.67056
17122012 5.66397
18122012 5.66901
19122012 5.64234
20122012 5.63233
21122012 5.63491
22122012 5.66273
24122012 5.66117
25122012 5.65523
26122012 5.65640
27122012 5.64269
28122012 5.63390
29122012 5.64204
31122012 5.64557
01012013 5.65221
02012013 5.65078
03012013 5.66155
04012013 5.71111
05012013 5.70632
07012013 5.70245
08012013 5.68933
09012013 5.70187
10012013 5.71539
11012013 5.62984
12012013 5.59387
14012013 5.59192
15012013 5.57807
16012013 5.61145
17012013 5.61475
18012013 5.57464
19012013 5.60239
21012013 5.60873
22012013 5.60417
23012013 5.60349
24012013 5.60185
25012013 5.57960
26012013 5.54193
28012013 5.53935
29012013 5.54490
30012013 5.53060
31012013 5.49899
01022013 5.49588
02022013 5.46036
04022013 5.46370
05022013 5.51762
06022013 5.49062
07022013 5.51463
08022013 5.56656
09022013 5.58371
11022013 5.58538
12022013 5.57334
13022013 5.54984
14022013 5.54807
15022013 5.58888
16022013 5.58526
18022013 5.59739
19022013 5.58667
20022013 5.57111
21022013 5.61527
22022013 5.66304
23022013 5.65991
25022013 5.64466
26022013 5.68580
27022013 5.71181
28022013 5.68073
01032013 5.70861
02032013 5.72693
04032013 5.72881
05032013 5.72490
06032013 5.71728
07032013 5.73678
08032013 5.68703
09032013 5.73495
11032013 5.74258
12032013 5.72026
13032013 5.72255
14032013 5.75589
15032013 5.73456
16032013 5.70911
18032013 5.77709
19032013 5.75882
20032013 5.78295
21032013 5.76060
22032013 5.77814
23032013 5.73999
25032013 5.75421
26032013 5.79759
27032013 5.79628
28032013 5.83499
29032013 5.81657
30032013 5.81420
01042013 5.82004
02042013 5.80328
03042013 5.81664
04042013 5.80117
05042013 5.76177
06042013 5.72953
08042013 5.74549
09042013 5.73230
10042013 5.69880
11042013 5.70521
12042013 5.69087
13042013 5.69045
15042013 5.68455
16042013 5.72307
17042013 5.65630
18042013 5.72177
19042013 5.71249
20042013 5.70810
22042013 5.69943
23042013 5.70686
24042013 5.73515
25042013 5.72112
26042013 5.71706
27042013 5.71706
29042013 5.71261
30042013 5.69188
01052013 5.66101
02052013 5.65479
03052013 5.70523
04052013 5.68211
06052013 5.67749
07052013 5.70010
08052013 5.69846
09052013 5.66583
10052013 5.71843
11052013 5.74113
13052013 5.74603
14052013 5.74641
15052013 5.76127
16052013 5.78696
17052013 5.78759
18052013 5.80981
20052013 5.80240
21052013 5.78181
22052013 5.77488
23052013 5.79793
24052013 5.76089
25052013 5.76118
27052013 5.76151
28052013 5.76203
29052013 5.79445
30052013 5.76062
31052013 5.71648
01062013 5.73582
03062013 5.73667
04062013 5.70268
05062013 5.69861
06062013 5.69433
07062013 5.62926
08062013 5.63993
10062013 5.65008
11062013 5.62433
12062013 5.59998
13062013 5.59435
14062013 5.58274
15062013 5.58762
17062013 5.58720
18062013 5.57420
19062013 5.56851
20062013 5.61622
21062013 5.64393
22062013 5.68297
24062013 5.69123
25062013 5.68425
26062013 5.69463
27062013 5.73433
28062013 5.71975
29062013 5.72998
01072013 5.72852
02072013 5.70890
03072013 5.74930
04072013 5.73326
05072013 5.77657
06072013 5.81329
08072013 5.82092
09072013 5.79396
10072013 5.83346
11072013 5.78904
12072013 5.69253
13072013 5.70710
15072013 5.70133
16072013 5.70588
17072013 5.66382
18072013 5.68420
19072013 5.68748
20072013 5.67311
22072013 5.67406
23072013 5.65596
24072013 5.63990
25072013 5.65015
26072013 5.61245
27072013 5.61357
29072013 5.61119
03092013 5.66286
04092013 5.66131
05092013 5.64492
06092013 5.68568
07092013 5.66092
09092013 5.65898
10092013 5.62500
11092013 5.62133
12092013 5.60149
13092013 5.60818
14092013 5.60530
16092013 5.57560
17092013 5.59153
18092013 5.58228
19092013 5.52158
20092013 5.51332
21092013 5.51392
23092013 5.50172
24092013 5.52637
25092013 5.53419
26092013 5.51249
27092013 5.53053
28092013 5.51466
30092013 5.52247
01102013 5.51320
02102013 5.51048
03102013 5.48974
04102013 5.47589
05102013 5.50324
07102013 5.49863
08102013 5.49394
09102013 5.49563
10102013 5.51572
11102013 5.51625
12102013 5.50394
14102013 5.49912
15102013 5.49799
16102013 5.51871
17102013 5.51373
18102013 5.45256
19102013 5.45038
21102013 5.45001
22102013 5.45145
23102013 5.41269
24102013 5.41424
25102013 5.40455
26102013 5.40236
28102013 5.40144
29102013 5.41057
30102013 5.42719
31102013 5.43101
01112013 5.49331
02112013 5.52847
04112013 5.52717
05112013 5.51770
06112013 5.53565
07112013 5.51626
08112013 5.55408
09112013 5.58440
11112013 5.58193
12112013 5.56239
13112013 5.55442
14112013 5.54034
15112013 5.54266
16112013 5.52895
18112013 5.52163
19112013 5.52455
20112013 5.51224
21112013 5.55762
22112013 5.54062
23112013 5.50371
25112013 5.50332
26112013 5.51808
27112013 5.49455
28112013 5.49463
29112013 5.48210
30112013 5.49143
02122013 5.49014
03122013 5.50977
04122013 5.48809
05122013 5.48904
06122013 5.45453
07122013 5.44640
09122013 5.43904
10122013 5.42924
11122013 5.42060
16122013 5.41214
17122013 5.41978
18122013 5.41878
19122013 5.42225
20122013 5.46199
21122013 5.45675
23122013 5.45775
24122013 5.44936
26122013 5.45272
27122013 5.44783
28122013 5.43167
30122013 5.42138
31122013 5.40466
01012014 5.42679
02012014 5.41782
03012014 5.46328
04012014 5.48446
06012014 5.48628
07012014 5.47082
08012014 5.47791
09012014 5.49246
10012014 5.48961
11012014 5.46265
13012014 5.45774
14012014 5.45965
15012014 5.45771
16012014 5.48635
17012014 5.48089
18012014 5.51505
20012014 5.51283
21012014 5.49985
22012014 5.50297
23012014 5.50793
24012014 5.44917
25012014 5.45550
27012014 5.45482
28012014 5.45988
29012014 5.46063
30012014 5.46171
31012014 5.50682
01022014 5.53435
03022014 5.53237
04022014 5.51469
05022014 5.52080
06022014 5.51306
07022014 5.49187
08022014 5.47534
10022014 5.47906
11022014 5.47006
12022014 5.47157
13022014 5.48927
14022014 5.45665
15022014 5.44653
17022014 5.44423
18022014 5.44497
19022014 5.42384
20022014 5.42984
21022014 5.43969
22022014 5.42978
24022014 5.43202
25022014 5.43283
26022014 5.43003
06032014 5.43515
07032014 5.38408
11032014 5.39022
12032014 5.38473
13032014 5.36570
14032014 5.38400
15032014 5.36619
17032014 5.36410
18032014 5.36042
19032014 5.35764
20032014 5.39676
21032014 5.41850
22032014 5.41013
24032014 5.40795
25032014 5.39410
26032014 5.39942
27032014 5.41237
28032014 5.43348
29032014 5.42752
31032014 5.42299
01042014 5.41929
02042014 5.41084
03042014 5.42317
04042014 5.44264
05042014 5.44788
07042014 5.44883
08042014 5.43139
09042014 5.41124
10042014 5.38832
11042014 5.37699
12042014 5.37790
14042014 5.38765
15042014 5.40343
16042014 5.40626
17042014 5.40381
18042014 5.40470
19042014 5.40502
21042014 5.40312
22042014 5.41100
23042014 5.40700
24042014 5.40200
25042014 5.39500
26042014 5.39200
28042014 5.38800
29042014 5.38700
30042014 5.40300
01052014 5.38200
02052014 5.37900
03052014 5.37600
05052014 5.37300
06052014 5.37500
07052014 5.35729
08052014 5.36441
09052014 5.38978
10052014 5.42607
12052014 5.42506
19052014 5.44900
20052014 5.44485
21052014 5.44840
22052014 5.45411
23052014 5.46548
24052014 5.47598
26052014 5.48003
27052014 5.46869
28052014 5.47416
29052014 5.49036
30052014 5.48665
31052014 5.47518
02062014 5.47324
03062014 5.48845
04062014 5.47936
05062014 5.48798
06062014 5.46385
07062014 5.46808
09062014 5.46808
10062014 5.49049
11062014 5.50769
12062014 5.51551
13062014 5.49893
14062014 5.50844
16062014 5.50790
17062014 5.49429
18062014 5.50554
19062014 5.48814
20062014 5.48094
21062014 5.48288
23062014 5.48297
24062014 5.47905
25062014 5.47956
26062014 5.47004
27062014 5.47872
28062014 5.46259
30062014 5.46331
01072014 5.44444
02072014 5.45036
03072014 5.46070
04072014 5.47953
05072014 5.48533
07072014 5.48408
08072014 5.47860
09072014 5.47716
10072014 5.46450
11072014 5.47832
12072014 5.47778
14072014 5.47959
15072014 5.47507
16072014 5.49619
17072014 5.51343
18072014 5.51317
19072014 5.51276
21072014 5.51093
22072014 5.51465
23072014 5.53683
24072014 5.53881
25072014 5.53850
26072014 5.55174
28072014 5.55111
29072014 5.55110
30072014 5.56004
31072014 5.56720
01082014 5.56828
02082014 5.55464
04082014 5.54993
05082014 5.55472
06082014 5.57427
07082014 5.57206
08082014 5.57765
09082014 5.55782
