08082011 7.8055
09082011 7.8068
10082011 7.8088
11082011 7.8054
12082011 7.7914
06092011 7.7948
24102011 7.7765
25102011 7.7764
26102011 7.7619
27102011 7.7732
28102011 7.7678
15112011 7.7824
16112011 7.7710
17112011 7.7835
18112011 7.7849
11122012 7.7499
12122012 7.7499
13122012 7.7500
14122012 7.7500
15122012 7.7499
17122012 7.7499
18122012 7.7502
19122012 7.7500
20122012 7.7499
21122012 7.7500
22122012 7.7502
24122012 7.7500
25122012 7.7502
26122012 7.7500
27122012 7.7502
28122012 7.7518
29122012 7.7516
31122012 7.7510
01012013 7.7498
02012013 7.7505
03012013 7.7507
04012013 7.7509
05012013 7.7506
07012013 7.7502
08012013 7.7508
09012013 7.7509
10012013 7.7520
11012013 7.7511
12012013 7.7518
14012013 7.7517
15012013 7.7522
16012013 7.7518
17012013 7.7520
18012013 7.7521
19012013 7.7524
21012013 7.7524
22012013 7.7530
23012013 7.7533
24012013 7.7528
25012013 7.7530
26012013 7.7540
28012013 7.7536
29012013 7.7568
30012013 7.7582
31012013 7.7580
01022013 7.7554
02022013 7.7558
04022013 7.7561
05022013 7.7534
06022013 7.7541
07022013 7.7540
08022013 7.7550
09022013 7.7552
11022013 7.7545
12022013 7.7551
13022013 7.7547
14022013 7.7558
15022013 7.7537
16022013 7.7542
18022013 7.7548
19022013 7.7539
20022013 7.7541
21022013 7.7542
22022013 7.7557
23022013 7.7558
25022013 7.7555
26022013 7.7559
27022013 7.7583
28022013 7.7572
01032013 7.7548
02032013 7.7543
04032013 7.7541
05032013 7.7555
06032013 7.7557
07032013 7.7563
08032013 7.7562
09032013 7.7564
11032013 7.7564
12032013 7.7569
13032013 7.7565
14032013 7.7587
15032013 7.7583
16032013 7.7604
18032013 7.7603
19032013 7.7619
20032013 7.7619
21032013 7.7622
22032013 7.7630
23032013 7.7635
25032013 7.7630
26032013 7.7614
27032013 7.7601
28032013 7.7639
29032013 7.7624
30032013 7.7618
01042013 7.7626
02042013 7.7626
03042013 7.7623
04042013 7.7615
05042013 7.7631
06042013 7.7642
08042013 7.7643
09042013 7.7637
10042013 7.7638
11042013 7.7627
12042013 7.7609
13042013 7.7617
15042013 7.7616
16042013 7.7627
17042013 7.7625
18042013 7.7629
19042013 7.7641
20042013 7.7636
22042013 7.7633
23042013 7.7635
24042013 7.7642
25042013 7.7638
26042013 7.7637
27042013 7.7637
29042013 7.7615
30042013 7.7609
01052013 7.7600
02052013 7.7605
03052013 7.7592
04052013 7.7584
06052013 7.7582
07052013 7.7596
08052013 7.7607
09052013 7.7594
10052013 7.7590
11052013 7.7609
13052013 7.7601
14052013 7.7615
15052013 7.7616
16052013 7.7617
17052013 7.7636
18052013 7.7628
20052013 7.7623
21052013 7.7619
22052013 7.7616
23052013 7.7610
24052013 7.7627
25052013 7.7633
27052013 7.7628
28052013 7.7633
29052013 7.7636
30052013 7.7639
31052013 7.7632
01062013 7.7622
03062013 7.7623
04062013 7.7620
05062013 7.7596
06062013 7.7614
07062013 7.7630
08062013 7.7627
10062013 7.7615
11062013 7.7633
12062013 7.7642
13062013 7.7642
14062013 7.7644
15062013 7.7600
17062013 7.7603
18062013 7.7593
19062013 7.7583
20062013 7.7573
21062013 7.7566
22062013 7.7579
24062013 7.7569
25062013 7.7580
26062013 7.7581
27062013 7.7586
28062013 7.7578
29062013 7.7558
01072013 7.7557
02072013 7.7557
03072013 7.7538
04072013 7.7542
05072013 7.7534
06072013 7.7545
08072013 7.7538
09072013 7.7556
10072013 7.7566
11072013 7.7567
12072013 7.7566
13072013 7.7586
15072013 7.7571
16072013 7.7593
17072013 7.7578
18072013 7.7575
19072013 7.7579
20072013 7.7579
22072013 7.7571
23072013 7.7582
24072013 7.7575
25072013 7.7576
26072013 7.7572
27072013 7.7570
29072013 7.7557
03092013 7.7550
04092013 7.7559
05092013 7.7550
06092013 7.7552
07092013 7.7550
09092013 7.7550
10092013 7.7548
11092013 7.7547
12092013 7.7542
13092013 7.7538
14092013 7.7545
16092013 7.7538
17092013 7.7543
18092013 7.7539
19092013 7.7536
20092013 7.7537
21092013 7.7526
23092013 7.7530
24092013 7.7532
25092013 7.7535
26092013 7.7541
27092013 7.7539
28092013 7.7545
30092013 7.7538
01102013 7.7558
02102013 7.7540
03102013 7.7547
04102013 7.7542
05102013 7.7544
07102013 7.7518
08102013 7.7543
09102013 7.7541
10102013 7.7544
11102013 7.7546
12102013 7.7541
14102013 7.7538
15102013 7.7545
16102013 7.7547
17102013 7.7548
18102013 7.7540
19102013 7.7532
21102013 7.7531
22102013 7.7525
23102013 7.7526
24102013 7.7530
25102013 7.7543
26102013 7.7536
28102013 7.7528
29102013 7.7533
30102013 7.7533
31102013 7.7535
01112013 7.7527
02112013 7.7522
04112013 7.7521
05112013 7.7517
06112013 7.7516
07112013 7.7515
08112013 7.7517
09112013 7.7516
11112013 7.7509
12112013 7.7527
13112013 7.7528
14112013 7.7531
15112013 7.7535
16112013 7.7535
18112013 7.7429
19112013 7.7521
20112013 7.7515
21112013 7.7515
22112013 7.7524
23112013 7.7526
25112013 7.7526
26112013 7.7525
27112013 7.7522
28112013 7.7529
29112013 7.7525
30112013 7.7525
02122013 7.7524
03122013 7.7521
04122013 7.7522
05122013 7.7529
06122013 7.7538
07122013 7.7545
09122013 7.7539
10122013 7.7533
11122013 7.7536
16122013 7.7536
17122013 7.7535
18122013 7.7525
19122013 7.7524
20122013 7.7536
21122013 7.7542
23122013 7.7541
24122013 7.7535
26122013 7.7543
27122013 7.7551
28122013 7.7548
30122013 7.7541
31122013 7.7545
01012014 7.7540
02012014 7.7541
03012014 7.7539
04012014 7.7543
06012014 7.7540
07012014 7.7544
08012014 7.7543
09012014 7.7540
10012014 7.7541
11012014 7.7543
13012014 7.7541
14012014 7.7543
15012014 7.7543
16012014 7.7544
17012014 7.7546
18012014 7.7557
20012014 7.7553
21012014 7.7563
22012014 7.7570
23012014 7.7578
24012014 7.7587
25012014 7.7633
27012014 7.7611
28012014 7.7663
29012014 7.7646
30012014 7.7639
31012014 7.7665
01022014 7.7635
03022014 7.7631
04022014 7.7670
05022014 7.7645
06022014 7.7618
07022014 7.7591
08022014 7.7587
10022014 7.7581
11022014 7.7573
12022014 7.7566
13022014 7.7562
14022014 7.7555
15022014 7.7552
17022014 7.7547
18022014 7.7552
19022014 7.7550
20022014 7.7550
21022014 7.7555
22022014 7.7557
24022014 7.7553
25022014 7.7595
26022014 7.7603
06032014 7.7607
07032014 7.7605
11032014 7.7613
12032014 7.7623
13032014 7.7658
14032014 7.7651
15032014 7.7667
17032014 7.7635
18032014 7.7662
19032014 7.7665
20032014 7.7654
21032014 7.7642
22032014 7.7582
24032014 7.7585
25032014 7.7576
26032014 7.7561
27032014 7.7579
28032014 7.7586
29032014 7.7574
31032014 7.7572
01042014 7.7563
02042014 7.7562
03042014 7.7563
04042014 7.7569
05042014 7.7564
07042014 7.7566
08042014 7.7552
09042014 7.7539
10042014 7.7531
11042014 7.7530
12042014 7.7525
14042014 7.7522
15042014 7.7535
16042014 7.7540
17042014 7.7542
18042014 7.7541
19042014 7.7541
21042014 7.7543
22042014 7.7537
06052014 7.7524
07052014 7.7520
08052014 7.7523
09052014 7.7518
10052014 7.7515
12052014 7.7515
19052014 7.7519
20052014 7.7521
21052014 7.7528
22052014 7.7527
23052014 7.7541
24052014 7.7530
26052014 7.7534
27052014 7.7533
28052014 7.7531
29052014 7.7535
30052014 7.7528
31052014 7.7529
02062014 7.7530
03062014 7.7538
04062014 7.7527
05062014 7.7528
06062014 7.7526
07062014 7.7524
09062014 7.7524
10062014 7.7515
11062014 7.7515
12062014 7.7516
13062014 7.7515
14062014 7.7515
16062014 7.7514
17062014 7.7510
18062014 7.7514
19062014 7.7511
20062014 7.7507
21062014 7.7515
23062014 7.7513
24062014 7.7518
25062014 7.7516
26062014 7.7516
27062014 7.7518
28062014 7.7514
30062014 7.7516
01072014 7.7503
02072014 7.7500
03072014 7.7500
04072014 7.7501
05072014 7.7501
07072014 7.7501
08072014 7.7502
09072014 7.7500
10072014 7.7500
11072014 7.7500
12072014 7.7500
14072014 7.7499
15072014 7.7500
16072014 7.7500
17072014 7.7507
18072014 7.7508
19072014 7.7510
21072014 7.7509
22072014 7.7518
23072014 7.7515
24072014 7.7508
25072014 7.7501
26072014 7.7500
28072014 7.7501
29072014 7.7499
30072014 7.7500
31072014 7.7500
01082014 7.7500
02082014 7.7500
04082014 7.7500
05082014 7.7500
06082014 7.7501
07082014 7.7506
08082014 7.7510
09082014 7.7515
