01062012 78.350
02062012 78.160
04062012 78.060
05062012 78.310
06062012 78.730
07062012 79.080
08062012 79.600
09062012 79.410
11062012 79.600
12062012 79.420
13062012 79.410
14062012 79.300
15062012 79.290
16062012 78.680
18062012 78.780
19062012 79.060
20062012 78.940
21062012 79.520
22062012 80.170
23062012 80.430
25062012 80.420
26062012 79.570
27062012 79.430
28062012 79.680
29062012 79.350
30062012 79.840
02072012 79.830
03072012 79.400
04072012 79.860
05072012 79.810
06072012 79.880
07072012 79.670
09072012 79.600
10072012 79.610
11072012 79.410
12072012 79.610
13072012 79.300
14072012 79.180
16072012 79.260
17072012 78.800
18072012 79.050
19072012 78.790
20072012 78.580
21072012 78.490
23072012 78.430
24072012 78.420
25072012 78.160
26072012 78.150
27072012 78.240
28072012 78.590
30072012 78.420
31072012 78.170
01082012 78.140
02082012 78.080
03082012 78.210
04082012 78.580
06082012 78.570
07082012 78.140
08082012 78.670
09082012 78.440
10082012 78.530
11082012 78.200
13082012 78.200
14082012 78.300
15082012 78.740
16082012 78.880
17082012 79.340
18082012 79.510
20082012 79.540
21082012 79.360
22082012 79.280
23082012 79.140
24082012 78.460
25082012 78.630
27082012 78.680
28082012 78.680
29082012 78.450
30082012 78.710
31082012 78.550
01092012 78.280
03092012 78.320
04092012 78.250
05092012 78.410
06092012 78.350
07092012 78.900
08092012 78.180
10092012 78.230
11092012 78.240
12092012 77.770
13092012 77.870
14092012 77.420
15092012 78.270
17092012 78.330
18092012 78.730
19092012 78.650
20092012 78.300
21092012 78.260
22092012 78.100
24092012 78.140
25092012 77.840
26092012 77.820
27092012 77.720
28092012 77.620
29092012 78.070
01102012 77.950
02102012 78.000
03102012 78.080
04102012 78.490
05102012 78.320
06102012 78.660
08102012 78.640
09102012 78.260
10102012 78.200
11102012 78.120
12102012 78.290
13102012 78.360
15102012 78.430
16102012 78.720
17102012 78.850
18102012 78.860
19102012 79.080
20102012 79.260
22102012 79.260
23102012 79.820
24102012 79.800
25102012 79.760
26102012 80.230
27102012 79.660
29102012 79.610
30102012 79.780
31102012 79.580
01112012 79.700
02112012 80.150
03112012 80.380
05112012 80.410
06112012 80.240
07112012 80.340
08112012 79.930
09112012 79.420
10112012 79.410
12112012 79.460
13112012 79.420
14112012 79.370
15112012 80.160
16112012 81.170
17112012 81.320
19112012 81.360
20112012 81.160
21112012 81.640
22112012 82.450
23112012 82.410
24112012 82.410
26112012 82.330
27112012 82.130
28112012 82.220
29112012 81.880
30112012 82.100
01122012 82.470
03122012 82.360
04122012 82.170
05122012 81.840
06122012 82.330
07122012 82.330
08122012 82.320
10122012 82.500
11122012 82.350
12122012 82.480
13122012 83.170
14122012 83.530
15122012 83.420
17122012 84.320
18122012 83.770
19122012 84.140
20122012 84.440
21122012 84.400
22122012 84.120
24122012 84.340
25122012 84.810
26122012 84.800
27122012 85.620
28122012 85.990
29122012 86.050
31122012 85.790
01012013 86.540
02012013 86.740
03012013 87.110
04012013 87.060
05012013 88.190
07012013 88.090
08012013 87.670
09012013 87.220
10012013 87.800
11012013 88.150
12012013 89.130
14012013 89.280
15012013 89.330
16012013 88.720
17012013 88.570
18012013 89.820
19012013 89.990
21012013 90.080
22012013 89.720
23012013 88.670
24012013 88.580
25012013 89.890
26012013 91.050
28012013 91.020
29012013 90.760
30012013 90.690
31012013 91.060
01022013 91.300
02022013 92.520
04022013 92.740
05022013 92.340
06022013 93.310
07022013 93.350
08022013 93.430
09022013 92.820
11022013 92.720
12022013 93.420
13022013 93.450
14022013 93.480
15022013 93.030
16022013 93.500
18022013 93.670
19022013 93.950
20022013 93.340
21022013 93.670
22022013 92.990
23022013 93.420
25022013 94.510
26022013 93.110
27022013 91.810
28022013 91.910
01032013 92.720
02032013 93.530
04032013 93.630
05032013 93.300
06032013 93.310
07032013 93.890
08032013 94.940
09032013 95.760
11032013 95.950
12032013 96.230
13032013 95.900
14032013 96.010
15032013 96.030
16032013 95.420
18032013 94.570
19032013 95.400
20032013 95.060
21032013 95.840
22032013 94.860
23032013 94.420
25032013 94.490
26032013 94.020
27032013 94.470
28032013 94.340
29032013 94.100
30032013 94.190
01042013 94.250
02042013 93.290
03042013 93.370
04042013 92.740
05042013 96.060
06042013 97.320
08042013 98.180
09042013 99.140
10042013 99.180
11042013 99.670
12042013 99.840
13042013 98.970
15042013 98.190
16042013 97.660
17042013 97.600
18042013 97.570
19042013 98.130
20042013 99.170
22042013 99.800
23042013 99.230
24042013 99.360
25042013 99.390
26042013 99.310
27042013 98.070
29042013 97.920
30042013 97.940
01052013 97.540
02052013 97.150
03052013 98.000
04052013 99.120
06052013 99.173
07052013 99.380
08052013 99.030
09052013 98.850
10052013 100.410
11052013 101.580
13052013 101.875
14052013 101.910
15052013 102.220
16052013 102.270
17052013 101.970
18052013 103.010
20052013 102.757
21052013 102.310
22052013 102.550
23052013 103.350
24052013 101.750
25052013 100.920
27052013 101.007
28052013 101.070
29052013 102.070
30052013 101.030
31052013 100.890
01062013 100.840
03062013 100.422
04062013 99.120
05062013 100.010
06062013 99.230
07062013 96.980
08062013 97.530
10062013 97.827
11062013 98.600
12062013 95.770
13062013 95.850
14062013 94.660
15062013 94.150
17062013 94.153
18062013 94.930
19062013 95.180
20062013 95.210
21062013 98.000
22062013 97.630
24062013 97.893
25062013 97.690
26062013 97.730
27062013 97.650
28062013 98.274
29062013 99.182
01072013 99.212
02072013 99.586
03072013 100.641
04072013 99.920
05072013 100.050
06072013 101.030
08072013 101.236
09072013 100.910
10072013 100.940
11072013 100.370
12072013 99.270
13072013 99.360
15072013 99.338
16072013 99.870
17072013 99.120
18072013 99.480
19072013 100.490
20072013 100.300
22072013 100.405
23072013 99.510
24072013 99.530
25072013 100.290
26072013 99.490
27072013 98.060
29072013 98.047
30072013 97.740
31072013 98.010
01082013 98.250
02082013 99.410
03082013 98.910
05082013 98.976
06082013 98.520
07082013 97.660
08082013 96.510
09082013 96.360
10082013 96.360
12082013 96.298
13082013 96.500
14082013 98.230
15082013 98.130
16082013 97.490
17082013 97.600
19082013 97.613
20082013 97.650
21082013 97.250
22082013 97.580
23082013 98.620
24082013 98.710
26082013 98.549
27082013 98.650
28082013 97.060
29082013 97.730
30082013 98.170
31082013 98.110
02092013 98.414
03092013 99.290
04092013 99.745
05092013 99.622
06092013 100.134
07092013 99.065
09092013 99.677
10092013 99.572
11092013 100.316
12092013 99.847
13092013 99.447
14092013 99.237
16092013 98.745
17092013 99.130
18092013 99.125
19092013 98.070
20092013 99.414
21092013 99.332
23092013 99.206
24092013 98.758
25092013 98.742
26092013 98.436
27092013 98.880
28092013 98.232
30092013 97.683
01102013 98.297
02102013 97.826
03102013 97.377
04102013 97.280
05102013 97.451
07102013 97.231
08102013 96.857
09102013 96.894
10102013 97.345
11102013 98.242
12102013 98.547
14102013 98.311
15102013 98.559
16102013 98.309
17102013 98.822
18102013 97.884
19102013 97.850
21102013 97.861
22102013 98.186
23102013 98.116
24102013 97.366
25102013 97.284
26102013 97.389
28102013 97.716
29102013 97.720
30102013 98.177
31102013 98.620
01112013 98.331
02112013 98.763
04112013 98.699
05112013 98.551
06112013 98.583
07112013 98.680
08112013 97.892
09112013 99.149
11112013 99.109
12112013 99.209
13112013 99.664
14112013 99.372
15112013 100.034
16112013 100.221
18112013 100.207
19112013 100.062
20112013 100.194
21112013 100.089
22112013 101.091
23112013 101.319
25112013 101.314
26112013 101.640
27112013 101.235
28112013 102.120
29112013 102.248
30112013 102.426
02122013 102.456
03122013 103.097
04122013 102.353
05122013 102.143
06122013 101.688
07122013 102.906
09122013 103.044
10122013 103.218
11122013 102.734
16122013 103.028
17122013 102.996
18122013 102.666
19122013 103.518
20122013 104.157
21122013 104.044
23122013 104.024
24122013 104.087
25122013 104.254
26122013 104.403
27122013 104.703
28122013 105.139
30122013 105.175
31122013 105.099
01012014 105.323
02012014 105.361
03012014 104.706
04012014 104.654
06012014 104.836
07012014 104.267
08012014 104.485
09012014 104.811
10012014 104.754
11012014 104.040
13012014 104.054
14012014 102.914
15012014 104.197
16012014 104.610
17012014 104.321
18012014 104.313
20012014 104.213
21012014 104.151
22012014 104.263
23012014 104.403
24012014 103.176
25012014 102.299
27012014 101.837
28012014 102.730
29012014 102.862
30012014 102.031
31012014 102.709
01022014 102.324
03022014 102.113
04022014 100.856
05022014 101.609
06022014 101.307
07022014 102.115
08022014 102.308
10022014 102.481
11022014 102.194
12022014 102.630
13022014 102.471
14022014 102.295
15022014 101.863
17022014 101.705
18022014 101.932
19022014 102.321
20022014 102.348
21022014 102.307
22022014 102.506
24022014 102.518
25022014 102.496
26022014 102.165
27022014 102.466
28022014 102.065
01032014 101.799
03032014 101.614
04032014 101.426
05032014 102.257
06032014 102.322
07032014 103.043
08032014 103.296
10032014 103.032
11032014 103.239
12032014 102.974
13032014 102.703
14032014 101.600
15032014 101.305
17032014 101.258
18032014 101.751
19032014 101.396
20032014 102.498
21032014 102.437
22032014 102.121
24032014 102.134
25032014 102.177
26032014 102.261
27032014 101.968
28032014 102.160
29032014 102.808
31032014 102.927
01042014 103.222
02042014 103.669
03042014 103.855
04042014 103.902
05042014 103.258
07042014 103.270
08042014 103.085
09042014 101.702
10042014 101.948
11042014 101.442
12042014 101.632
14042014 101.598
15042014 101.783
16042014 101.840
17042014 102.298
18042014 102.428
19042014 102.428
21042014 102.422
22042014 102.607
23042014 102.617
24042014 102.463
25042014 102.323
26042014 102.141
28042014 102.180
29042014 102.522
30042014 102.577
01052014 102.230
02052014 102.307
03052014 102.227
05052014 102.150
06052014 102.150
07052014 101.616
08052014 101.903
09052014 101.567
10052014 101.813
12052014 101.877
13052014 102.140
14052014 102.298
15052014 101.863
16052014 101.588
19052014 101.530
20052014 101.397
21052014 101.284
22052014 101.402
23052014 101.745
24052014 101.973
26052014 101.939
27052014 101.912
28052014 101.992
29052014 101.853
30052014 101.760
31052014 101.796
02062014 101.857
03062014 102.411
04062014 102.532
05062014 102.730
06062014 102.421
07062014 102.536
09062014 102.487
10062014 102.532
11062014 102.328
12062014 102.033
13062014 101.646
14062014 101.994
16062014 102.051
17062014 101.844
18062014 102.132
19062014 101.950
20062014 101.969
21062014 102.077
23062014 102.074
24062014 101.915
25062014 101.918
26062014 101.864
27062014 101.707
28062014 101.410
30062014 101.376
01072014 101.308
02072014 101.540
03072014 101.781
04072014 102.192
05072014 102.063
07072014 102.054
08072014 101.847
09072014 101.538
10072014 101.611
11072014 101.312
12072014 101.324
14072014 101.348
15072014 101.555
16072014 101.682
17072014 101.718
18072014 101.220
19072014 101.354
21072014 101.338
22072014 101.394
23072014 101.443
24072014 101.514
25072014 101.792
26072014 101.834
28072014 101.788
29072014 101.866
30072014 102.104
31072014 102.865
01082014 102.867
02082014 102.592
04082014 102.534
05082014 102.560
06082014 102.581
07082014 102.044
08082014 102.016
09082014 102.074
