04082010 5.96170
05082010 5.99010
06082010 5.97466
07082010 5.94413
09082010 5.94907
10082010 5.98055
11082010 6.02187
12082010 6.17459
13082010 6.18052
14082010 6.21915
16082010 6.17456
17082010 6.15973
18082010 6.12956
19082010 6.15569
20082010 6.18487
21082010 6.23363
23082010 6.24547
24082010 6.23557
25082010 6.28753
26082010 6.31257
27082010 6.28687
28082010 6.24585
30082010 6.23417
31082010 6.31209
01092010 6.30453
02092010 6.18646
03092010 6.14222
04092010 6.10503
06092010 6.10642
07092010 6.11251
08092010 6.20678
09092010 6.20070
10092010 6.18199
11092010 6.18966
13092010 6.17877
14092010 6.10521
15092010 6.03862
16092010 6.08705
17092010 6.09167
18092010 6.11301
20092010 6.09297
21092010 6.05429
22092010 5.97428
23092010 5.88842
24092010 5.95109
25092010 5.87730
27092010 5.88265
28092010 5.89154
29092010 5.85435
30092010 5.85023
01102010 5.87871
02102010 5.82660
04102010 5.82582
05102010 5.86747
06102010 5.81760
07102010 5.76530
08102010 5.82605
09102010 5.82155
11102010 5.80327
12102010 5.84714
13102010 5.85239
14102010 5.78732
15102010 5.73396
16102010 5.80031
18102010 5.78528
19102010 5.82779
20102010 5.94518
21102010 5.83154
22102010 5.84727
23102010 5.81000
25102010 5.79152
26102010 5.79035
27102010 5.87451
28102010 5.90372
29102010 5.89581
30102010 5.85713
01112010 5.83545
02112010 5.87757
03112010 5.83597
04112010 5.78557
05112010 5.73737
08112010 5.74883
09112010 5.81362
10112010 5.84473
11112010 5.86601
12112010 5.94207
15112010 5.94549
16112010 5.99003
17112010 6.06604
18112010 6.03563
19112010 5.99231
22112010 5.96583
23112010 6.00586
24112010 6.10424
25112010 6.09173
26112010 6.08971
27112010 6.15741
29112010 6.14949
30112010 6.17139
01122010 6.20966
02122010 6.14353
03122010 6.07714
06122010 5.96575
07122010 5.99435
08122010 5.99860
09122010 6.00849
10122010 6.03578
11122010 6.00358
13122010 6.01781
14122010 5.92269
15122010 5.89381
16122010 5.96654
17122010 5.94947
18122010 5.98218
20122010 5.97280
21122010 5.97943
22122010 5.98507
23122010 5.98920
24122010 5.97277
25122010 5.96672
27122010 5.96561
28122010 5.94473
29122010 5.95840
30122010 5.91472
31122010 5.88580
03012011 5.82991
04012011 5.83199
05012011 5.86410
06012011 5.90120
07012011 5.95354
10012011 5.98312
11012011 5.97187
12012011 5.94819
13012011 5.90608
14012011 5.87436
17012011 5.82536
18012011 5.85797
19012011 5.83152
20012011 5.81311
21012011 5.87092
24012011 5.80057
25012011 5.77871
26012011 5.76359
27012011 5.76107
28012011 5.79246
29012011 5.81296
01022011 5.73721
11072011 5.45451
12072011 5.52147
13072011 5.59732
14072011 5.53956
15072011 5.54943
16072011 5.55492
18072011 5.56827
19072011 5.57152
20072011 5.52464
21072011 5.49274
22072011 5.41312
23072011 5.41436
25072011 5.41154
26072011 5.41782
27072011 5.34589
28072011 5.40243
29072011 5.41564
30072011 5.38393
01082011 5.37552
02082011 5.37515
03082011 5.41640
04082011 5.37072
05082011 5.51594
06082011 5.48073
08082011 5.48549
09082011 5.46034
10082011 5.46384
11082011 5.54469
12082011 5.52599
13082011 5.52445
15082011 5.51709
16082011 5.43963
17082011 5.43939
18082011 5.38832
19082011 5.46985
20082011 5.46559
22082011 5.46080
23082011 5.45051
24082011 5.42518
25082011 5.43172
26082011 5.42215
27082011 5.36749
29082011 5.35454
30082011 5.34717
31082011 5.35487
01092011 5.36333
02092011 5.39881
03092011 5.39803
05092011 5.40110
06092011 5.44277
07092011 5.41001
08092011 5.38369
09092011 5.41718
10092011 5.53762
12092011 5.55127
13092011 5.63230
14092011 5.60381
15092011 5.65294
16092011 5.56319
17092011 5.57043
19092011 5.60995
20092011 5.67892
21092011 5.64676
22092011 5.72560
23092011 5.84449
24092011 5.83824
26092011 5.82248
27092011 5.75583
28092011 5.76320
29092011 5.79618
30092011 5.79268
01102011 5.86814
03102011 5.87973
04102011 5.90463
05102011 5.89129
06102011 5.85562
07102011 5.82527
08102011 5.82537
10102011 5.82558
11102011 5.70367
12102011 5.67450
13102011 5.62879
14102011 5.61733
15102011 5.56578
17102011 5.56501
18102011 5.63550
19102011 5.60822
20102011 5.61754
21102011 5.60341
22102011 5.55408
24102011 5.56645
25102011 5.52379
26102011 5.53794
27102011 5.51153
28102011 5.40479
29102011 5.43105
31102011 5.42596
01112011 5.54991
02112011 5.65504
03112011 5.65303
04112011 5.57671
07112011 5.58677
08112011 5.59796
09112011 5.59246
10112011 5.72959
11112011 5.69688
12112011 5.63240
14112011 5.60329
15112011 5.72029
16112011 5.74959
17112011 5.78769
18112011 5.81589
11122012 5.64786
12122012 5.64854
13122012 5.61867
14122012 5.61962
15122012 5.61740
17122012 5.61683
18122012 5.61409
19122012 5.60021
20122012 5.56096
21122012 5.55826
22122012 5.58101
24122012 5.57230
25122012 5.60163
26122012 5.59842
27122012 5.59087
28122012 5.57246
29122012 5.58308
31122012 5.57220
01012013 5.55554
02012013 5.55352
03012013 5.54610
04012013 5.57934
05012013 5.61314
07012013 5.60991
08012013 5.58819
09012013 5.59532
10012013 5.59698
11012013 5.52808
12012013 5.52969
14012013 5.51249
15012013 5.50506
16012013 5.57057
17012013 5.57290
18012013 5.55274
19012013 5.60530
21012013 5.59988
22012013 5.60492
23012013 5.57439
24012013 5.55684
25012013 5.53060
26012013 5.52442
28012013 5.52304
29012013 5.53137
30012013 5.49440
31012013 5.47590
02022013 5.44684
04022013 5.44583
05022013 5.47696
06022013 5.47340
07022013 5.49900
08022013 5.51801
09022013 5.53918
11022013 5.53236
12022013 5.50928
13022013 5.48996
14022013 5.47839
15022013 5.54241
16022013 5.54358
18022013 5.55408
19022013 5.55371
20022013 5.53371
21022013 5.58975
22022013 5.68069
23022013 5.67382
25022013 5.65440
26022013 5.68482
27022013 5.70107
28022013 5.69583
01032013 5.73561
02032013 5.75512
04032013 5.74345
05032013 5.71983
06032013 5.69966
07032013 5.71181
08032013 5.66821
09032013 5.72070
11032013 5.72633
12032013 5.72362
13032013 5.70824
14032013 5.74216
15032013 5.79253
16032013 5.76456
18032013 5.75057
19032013 5.79993
20032013 5.83070
21032013 5.84734
22032013 5.83884
23032013 5.80458
25032013 5.81336
26032013 5.84239
27032013 5.82954
28032013 5.85502
29032013 5.83918
30032013 5.84444
01042013 5.84756
02042013 5.81740
03042013 5.81860
04042013 5.80523
05042013 5.77742
06042013 5.72225
08042013 5.72457
09042013 5.74137
10042013 5.71104
11042013 5.74318
12042013 5.70614
13042013 5.71177
15042013 5.71663
16042013 5.76142
17042013 5.72020
18042013 5.79891
19042013 5.81997
20042013 5.82029
22042013 5.80949
23042013 5.84531
24042013 5.91676
25042013 5.88335
26042013 5.87839
27042013 5.87839
29042013 5.83840
30042013 5.81382
01052013 5.76488
02052013 5.76239
03052013 5.80057
04052013 5.80110
06052013 5.79733
07052013 5.83408
08052013 5.84315
09052013 5.74641
10052013 5.78194
11052013 5.79324
13052013 5.79544
14052013 5.80193
15052013 5.82944
16052013 5.84788
17052013 5.83392
18052013 5.86083
20052013 5.85438
21052013 5.82904
22052013 5.78891
23052013 5.82144
24052013 5.82445
25052013 5.82943
27052013 5.82202
28052013 5.84253
29052013 5.89184
30052013 5.89293
31052013 5.82677
01062013 5.86624
03062013 5.86923
04062013 5.80539
05062013 5.80671
06062013 5.81261
07062013 5.74261
08062013 5.77614
10062013 5.76831
11062013 5.76135
12062013 5.77480
13062013 5.75536
14062013 5.74601
15062013 5.71313
17062013 5.70673
18062013 5.71914
19062013 5.73081
20062013 5.77132
21062013 5.99550
22062013 6.05610
24062013 6.06208
25062013 6.13451
26062013 6.08451
27062013 6.10272
28062013 6.04646
29062013 6.07158
01072013 6.07027
02072013 6.09494
03072013 6.11786
04072013 6.11182
05072013 6.10093
06072013 6.24851
08072013 6.25894
09072013 6.14632
10072013 6.17910
11072013 6.12560
12072013 6.05561
13072013 6.05932
15072013 6.05790
16072013 6.06061
17072013 5.98727
18072013 5.98609
19072013 5.98172
20072013 5.96498
22072013 5.97427
23072013 5.93659
24072013 5.87274
25072013 5.93064
26072013 5.90291
27072013 5.90253
29072013 5.90445
03092013 6.08401
04092013 6.06712
05092013 6.05950
06092013 6.12251
07092013 6.07521
09092013 6.06281
10092013 6.01150
11092013 5.92136
12092013 5.90600
13092013 5.88350
14092013 5.92550
16092013 5.89666
17092013 5.90350
18092013 5.90400
19092013 5.82600
20092013 5.83250
21092013 5.93000
23092013 5.91232
24092013 5.92050
25092013 5.97272
26092013 6.00400
27092013 5.98150
28092013 5.98833
30092013 5.99859
01102013 6.01183
02102013 5.99353
03102013 6.00850
04102013 5.94900
05102013 5.96069
07102013 5.95827
08102013 5.96750
09102013 5.97500
10102013 5.99700
11102013 6.03257
12102013 5.99850
14102013 5.98704
15102013 5.97250
16102013 6.03050
17102013 5.99716
18102013 5.92854
19102013 5.90050
21102013 5.89512
22102013 5.91841
23102013 5.88850
24102013 5.91450
25102013 5.88809
26102013 5.88550
28102013 5.88027
29102013 5.90200
30102013 5.89600
31102013 5.89950
01112013 5.95100
02112013 5.96771
04112013 5.95858
05112013 5.94653
06112013 5.98671
07112013 5.95895
08112013 6.05297
09112013 6.14080
11112013 6.16121
12112013 6.14273
13112013 6.19742
14112013 6.17307
15112013 6.16157
16112013 6.10304
18112013 6.09793
19112013 6.11771
20112013 6.08241
21112013 6.12671
22112013 6.10597
23112013 6.06658
25112013 6.05608
26112013 6.10241
27112013 6.09727
28112013 6.10122
29112013 6.08550
30112013 6.13000
02122013 6.12725
03122013 6.12200
04122013 6.09381
05122013 6.15397
06122013 6.14070
07122013 6.15543
09122013 6.13857
10122013 6.13535
11122013 6.11350
16122013 6.13414
17122013 6.14288
18122013 6.11587
19122013 6.10726
20122013 6.15108
21122013 6.16193
23122013 6.15219
24122013 6.15174
26122013 6.14020
27122013 6.13937
28122013 6.14201
30122013 6.13303
31122013 6.06671
01012014 6.07614
02012014 6.06108
03012014 6.17176
04012014 6.14411
06012014 6.14887
07012014 6.17003
08012014 6.16773
09012014 6.20110
10012014 6.18078
11012014 6.15357
13012014 6.13808
14012014 6.12219
15012014 6.08272
16012014 6.13700
17012014 6.17966
18012014 6.16744
20012014 6.16204
21012014 6.17018
22012014 6.16330
23012014 6.15654
24012014 6.08848
25012014 6.14130
27012014 6.13126
28012014 6.15264
29012014 6.12823
30012014 6.16438
31012014 6.24900
01022014 6.27810
03022014 6.27449
04022014 6.28170
05022014 6.28471
06022014 6.23050
07022014 6.21628
08022014 6.17838
10022014 6.18415
11022014 6.13433
12022014 6.12407
13022014 6.11280
14022014 6.10303
15022014 6.07328
17022014 6.07245
18022014 6.07425
19022014 6.03995
20022014 6.06135
21022014 6.09512
22022014 6.07497
24022014 6.06806
25022014 6.03458
26022014 6.03800
06032014 5.99028
07032014 5.97537
11032014 5.95928
12032014 5.95842
13032014 5.94831
14032014 5.96541
15032014 5.97313
17032014 5.96679
18032014 5.94850
19032014 5.95740
20032014 6.03357
21032014 6.06200
22032014 6.04937
24032014 6.04937
25032014 6.02151
26032014 6.02700
27032014 6.04438
28032014 6.00000
29032014 6.00501
31032014 5.99478
01042014 5.98550
02042014 5.98170
03042014 5.97600
04042014 6.00251
05042014 6.00150
07042014 5.98808
08042014 5.98950
09042014 5.97300
10042014 5.93100
11042014 5.92600
12042014 5.94201
14042014 5.93902
15042014 5.96900
16042014 5.95421
17042014 5.97334
18042014 5.98348
19042014 5.98485
21042014 5.98351
22042014 5.99820
23042014 5.98700
24042014 5.99400
25042014 6.00200
26042014 6.01200
28042014 6.00500
29042014 6.00000
30042014 6.00900
01052014 5.94300
02052014 5.94300
03052014 5.93600
05052014 5.92500
06052014 5.95100
07052014 5.91515
08052014 5.91171
09052014 5.89421
10052014 5.91180
12052014 5.90724
19052014 5.93300
20052014 5.93360
21052014 5.95080
22052014 5.94401
23052014 5.94653
24052014 5.95958
26052014 5.96524
27052014 5.95600
28052014 5.95302
29052014 5.97343
30052014 5.96640
31052014 5.97702
02062014 5.97300
03062014 5.99360
04062014 5.99761
05062014 6.00602
06062014 5.98440
07062014 5.94550
09062014 5.94455
10062014 5.97208
11062014 5.97563
12062014 6.00272
13062014 5.98228
14062014 5.99040
16062014 5.98727
17062014 5.98890
18062014 6.00144
19062014 6.01150
20062014 6.12004
21062014 6.11950
23062014 6.11728
24062014 6.10620
25062014 6.11053
26062014 6.13320
27062014 6.13410
28062014 6.12240
30062014 6.12267
01072014 6.13316
02072014 6.16343
03072014 6.17560
04072014 6.18900
05072014 6.18977
07072014 6.18824
08072014 6.15360
09072014 6.18663
10072014 6.15191
11072014 6.16850
12072014 6.17760
14072014 6.17294
15072014 6.18152
16072014 6.21360
17072014 6.19659
18072014 6.20823
19072014 6.19202
21072014 6.18790
22072014 6.19640
23072014 6.18880
24072014 6.19801
25072014 6.20070
26072014 6.21750
28072014 6.21591
29072014 6.22840
30072014 6.25050
31072014 6.25823
01082014 6.28500
02082014 6.26600
04082014 6.26339
05082014 6.26050
06082014 6.27950
07082014 6.26580
08082014 6.24160
09082014 6.22893
