01092008 24.5036
02092008 24.5850
03092008 24.6884
04092008 25.0388
05092008 25.3493
06092008 25.4049
08092008 25.2970
09092008 25.4580
10092008 25.4511
11092008 25.6082
12092008 25.6872
13092008 25.4368
15092008 25.3400
16092008 25.4561
17092008 25.4841
18092008 25.2880
19092008 25.2958
20092008 25.1827
22092008 25.1835
23092008 24.9017
24092008 24.9392
25092008 24.9040
26092008 24.9311
27092008 24.9389
29092008 25.0382
30092008 25.1746
01102008 25.5581
02102008 25.5854
03102008 25.8260
04102008 25.8213
06102008 26.0091
07102008 26.2059
08102008 26.0166
09102008 25.9729
10102008 25.9869
11102008 26.1120
13102008 26.1134
14102008 26.1600
15102008 26.0066
16102008 26.1351
17102008 26.2273
18102008 26.2299
20102008 26.2614
21102008 26.2816
22102008 26.5454
23102008 26.8231
24102008 26.8384
25102008 27.1128
27102008 27.1005
28102008 27.1861
29102008 27.0361
30102008 26.7968
31102008 26.7261
03112008 26.9190
04112008 27.0584
05112008 26.6878
06112008 26.7688
07112008 26.9424
08112008 26.9304
10112008 26.8785
11112008 26.9619
12112008 27.4676
13112008 27.5044
14112008 27.1187
15112008 27.2724
17112008 27.4492
18112008 27.3256
19112008 27.3695
20112008 27.4832
21112008 27.5198
22112008 27.4112
24112008 27.3403
25112008 27.2545
26112008 27.1334
27112008 27.3105
28112008 27.3255
29112008 27.8271
01122008 27.8438
02122008 27.9289
03122008 27.8066
04122008 27.8091
05122008 27.8510
08122008 28.0584
09122008 27.8085
10122008 27.8313
11122008 27.7189
12122008 27.6036
13122008 27.5825
15122008 27.6641
16122008 27.5053
17122008 27.1026
18122008 27.1859
19122008 27.3958
22122008 28.0690
23122008 28.3758
24122008 28.3123
26122008 28.9068
27122008 28.9161
29122008 28.8945
30122008 29.4303
31122008 29.2955
02012009 29.1670
05012009 29.3040
06012009 29.0645
07012009 29.0580
08012009 30.4030
09012009 30.3155
10012009 30.8140
12012009 30.8020
13012009 30.9765
14012009 31.2025
15012009 31.6753
16012009 32.2184
17012009 32.4080
19012009 32.3324
20012009 33.1590
21012009 32.9374
22012009 32.5520
23012009 32.5319
26012009 32.8403
27012009 32.6284
28012009 32.9254
29012009 33.8745
30012009 34.9933
31012009 35.645
02022009 35.802
03022009 36.011
04022009 35.876
05022009 36.192
06022009 36.258
07022009 36.077
09022009 35.990
10022009 35.768
11022009 35.774
12022009 35.054
13022009 34.5493
14022009 34.4993
16022009 34.6336
17022009 35.082
18022009 36.207
19022009 36.198
20022009 35.834
21022009 35.816
23022009 35.887
24022009 35.965
25022009 35.744
26022009 35.720
27022009 35.569
28022009 35.805
02032009 35.804
03032009 36.101
04032009 36.095
05032009 35.882
06032009 35.762
07032009 35.690
09032009 35.645
10032009 35.548
11032009 34.9589
12032009 34.8937
13032009 34.9033
16032009 34.6496
17032009 34.5425
18032009 34.3981
19032009 33.8672
20032009 33.2480
23032009 33.3264
24032009 33.1008
25032009 33.3862
26032009 33.4793
27032009 33.3130
30032009 33.7397
31032009 33.9265
01042009 33.8125
02042009 33.8064
03042009 33.3172
04042009 33.2055
06042009 33.1545
07042009 33.2833
08042009 33.4828
09042009 33.6380
10042009 33.5412
11042009 33.4486
13042009 33.4130
14042009 33.2070
15042009 33.2588
16042009 33.3576
17042009 33.3214
18042009 33.3890
20042009 33.3770
21042009 33.8162
22042009 34.1038
23042009 33.7980
24042009 33.4306
25042009 33.0860
27042009 33.2139
28042009 33.3920
29042009 33.2659
30042009 33.0131
01052009 32.9663
02052009 32.9690
04052009 32.8615
05052009 32.7315
06052009 32.7460
07052009 32.6930
08052009 32.4975
11052009 32.1323
12052009 32.1538
13052009 31.9527
14052009 31.9832
15052009 32.0008
18052009 32.0937
19052009 31.9745
20052009 31.6959
21052009 31.4985
22052009 31.2435
23052009 30.9547
25052009 30.9390
26052009 30.9045
27052009 31.2337
28052009 31.0692
29052009 31.0715
30052009 30.8145
01062009 31.0698
02062009 30.6433
03062009 30.5187
04062009 30.8334
05062009 31.0139
06062009 30.9477
08062009 30.9690
09062009 31.4134
10062009 31.0620
11062009 30.9672
12062009 30.8060
13062009 30.9457
15062009 30.8743
16062009 31.1975
17062009 31.1157
18062009 31.0356
19062009 31.1157
20062009 30.9996
22062009 31.0114
23062009 31.2477
24062009 31.0998
25062009 31.2092
26062009 31.0923
27062009 31.0445
29062009 31.1070
30062009 31.0805
01072009 31.0526
02072009 30.9171
03072009 31.1075
06072009 31.2200
07072009 31.3213
08072009 31.4444
09072009 31.7870
10072009 31.6607
11072009 32.5917
13072009 32.5783
14072009 32.6656
15072009 32.1558
16072009 31.7171
17072009 31.5213
18072009 31.6437
20072009 31.6500
21072009 30.9451
22072009 30.9115
23072009 31.0634
24072009 31.0691
25072009 30.8733
27072009 30.8495
28072009 30.6321
29072009 30.9815
30072009 31.5298
31072009 31.2846
03082009 31.3660
04082009 30.8590
05082009 30.9985
06082009 31.0830
07082009 31.2285
10082009 31.5470
11082009 31.7540
12082009 32.1339
13082009 32.3680
14082009 31.6300
17082009 31.6374
18082009 32.1042
19082009 31.8019
20082009 31.7975
21082009 31.7275
24082009 31.5398
25082009 31.3470
26082009 31.2235
27082009 31.4307
28082009 31.4810
29082009 31.5200
31082009 31.5445
01092009 31.6808
02092009 31.8353
03092009 31.8031
04092009 31.6688
07092009 31.6191
08092009 31.3845
09092009 31.1530
10092009 30.9094
11092009 30.7535
14092009 30.5495
15092009 30.7070
16092009 30.6275
17092009 30.4670
18092009 30.2285
21092009 30.2038
22092009 30.2765
23092009 29.9785
24092009 29.9843
25092009 29.9742
28092009 30.1420
29092009 30.0030
30092009 29.9865
01102009 29.9456
02102009 29.9985
05102009 29.9650
06102009 29.8034
07102009 29.7157
08102009 29.5849
09102009 29.5072
12102009 29.5365
13102009 29.4050
14102009 29.4016
15102009 29.2405
16102009 29.2811
17102009 29.3385
19102009 29.3444
20102009 29.1502
21102009 29.1008
22102009 29.0181
23102009 28.9725
26102009 28.8985
27102009 28.9070
28102009 29.1530
29102009 29.1644
30102009 29.0797
02112009 29.0139
03112009 29.1186
04112009 29.2025
05112009 29.0704
06112009 28.9168
09112009 28.8390
10112009 28.6738
11112009 28.6088
12112009 28.5800
13112009 28.7955
16112009 28.6400
17112009 28.5825
18112009 28.6662
19112009 28.6569
20112009 28.7059
23112009 28.8015
24112009 28.7363
25112009 28.6796
26112009 28.6632
27112009 29.2431
30112009 29.1384
01122009 29.1430
02122009 28.9680
03122009 29.2160
04122009 29.1295
07122009 29.3795
08122009 29.7993
09122009 30.4805
10122009 30.4240
11122009 30.2928
14122009 30.0887
15122009 29.9602
16122009 30.0915
17122009 30.2850
18122009 30.6660
19122009 30.5442
21122009 30.5101
22122009 30.4072
23122009 30.4599
24122009 30.0250
28122009 29.4624
29122009 29.6213
30122009 30.0475
31122009 30.0950
04012010 29.9650
05012010 29.7550
06012010 29.8315
07012010 29.7250
08012010 29.7675
11012010 29.7665
12012010 29.2350
13012010 29.4298
14012010 29.4967
15012010 29.4228
18012010 29.4400
19012010 29.4925
20012010 29.6350
21012010 29.6105
22012010 29.6575
25012010 29.9650
26012010 30.0948
27012010 30.2189
28012010 30.2311
29012010 30.3050
01022010 30.2759
02022010 30.2300
03022010 30.0145
04022010 29.9275
05022010 30.3000
08022010 30.4648
09022010 30.3750
10022010 30.2050
11022010 30.1350
12022010 30.0900
15022010 30.1750
16022010 30.0775
17022010 29.9268
18022010 30.0235
19022010 30.0640
20022010 29.9125
22022010 29.8850
23022010 29.8855
24022010 29.9100
25022010 30.0150
26022010 29.9405
01032010 29.8550
02032010 29.8635
03032010 29.7530
04032010 29.7060
05032010 29.7550
08032010 29.6058
09032010 29.6725
10032010 29.6450
11032010 29.4700
12032010 29.3550
15032010 29.2125
16032010 29.3320
17032010 29.2458
18032010 29.0363
19032010 29.1925
20032010 29.2253
22032010 29.2780
23032010 29.4268
24032010 29.5450
25032010 29.5885
26032010 29.4300
27032010 29.5215
29032010 29.4625
30032010 29.4125
31032010 29.4225
01042010 29.3450
02042010 29.1640
05042010 29.1363
06042010 29.1750
07042010 29.2350
08042010 29.2413
09042010 29.3250
12042010 28.8450
13042010 28.9380
14042010 28.8903
15042010 28.8735
16042010 28.9288
17042010 28.9920
19042010 28.9750
20042010 29.0648
21042010 29.0817
22042010 29.0250
23042010 29.1830
26042010 29.0350
27042010 28.9450
28042010 29.2394
29042010 29.2250
30042010 29.1113
03052010 29.2033
04052010 29.2250
05052010 29.5350
06052010 29.9957
07052010 30.4473
10052010 29.7415
11052010 30.1461
12052010 30.1450
13052010 29.8787
14052010 29.9463
17052010 30.3425
18052010 30.4838
19052010 30.4285
20052010 30.6150
21052010 30.9750
24052010 31.0475
25052010 31.0550
26052010 31.4150
27052010 31.0750
28052010 30.6403
31052010 30.6375
01062010 30.8350
02062010 31.0298
03062010 31.0159
04062010 31.0200
07062010 31.4950
08062010 31.6150
09062010 31.7712
10062010 31.5100
11062010 31.4701
14062010 31.5090
15062010 31.2638
16062010 31.1808
17062010 31.1730
18062010 30.8777
21062010 30.8220
22062010 30.7550
23062010 30.8388
24062010 30.8850
25062010 30.9700
28062010 30.8875
29062010 30.9880
30062010 31.1720
01072010 31.1995
02072010 30.9750
05072010 31.0550
06072010 31.0291
07072010 30.9650
08072010 30.9350
09072010 30.7550
12072010 30.8113
13072010 30.6800
14072010 30.5128
15072010 30.4150
16072010 30.3000
17072010 30.3775
19072010 30.4324
20072010 30.4045
21072010 30.3925
22072010 30.3950
23072010 30.2850
24072010 30.2825
26072010 30.2138
27072010 30.1550
28072010 30.1199
29072010 30.1294
30072010 30.0770
31072010 30.1485
02082010 30.1350
03082010 29.9150
04082010 5.73580
05082010 5.69000
06082010 5.71280
07082010 5.72900
09082010 5.72830
10082010 5.70210
11082010 5.74220
12082010 5.83510
13082010 5.88390
14082010 5.90860
16082010 5.90840
17082010 5.92450
18082010 5.87280
19082010 5.90470
20082010 5.99320
21082010 6.02010
23082010 6.03180
24082010 5.98730
25082010 6.09520
26082010 6.12390
27082010 6.14250
28082010 6.06500
30082010 6.06750
31082010 6.15010
01092010 6.21060
02092010 6.09520
03092010 6.06350
04092010 6.00400
06092010 5.97760
07092010 6.03830
08092010 6.13410
09092010 6.12630
10092010 6.08920
11092010 6.06940
13092010 6.03240
14092010 6.06060
15092010 6.06730
16092010 6.06500
17092010 6.00170
18092010 6.05420
20092010 6.00720
21092010 6.02310
22092010 5.99050
23092010 5.96800
24092010 6.03730
25092010 5.96740
27092010 5.97870
28092010 5.98690
29092010 5.99330
30092010 5.98920
01102010 5.98240
02102010 5.97320
04102010 5.97550
05102010 6.03460
06102010 6.01640
07102010 5.99940
08102010 6.02540
09102010 6.04000
11102010 6.02945
12102010 6.06218
13102010 6.11616
14102010 6.03311
15102010 6.01862
16102010 6.05134
18102010 6.03848
19102010 6.09467
20102010 6.12492
21102010 6.05619
22102010 6.04138
23102010 5.93053
25102010 5.93683
26102010 5.96421
27102010 5.96033
28102010 5.95822
29102010 5.99655
30102010 5.95062
01112010 5.94063
02112010 5.91294
03112010 5.95908
04112010 5.95701
05112010 5.98240
08112010 5.97334
09112010 6.01678
10112010 6.03902
11112010 6.03988
12112010 6.09197
13112010 6.07955
15112010 6.07332
16112010 6.07715
17112010 6.08971
18112010 6.07985
19112010 6.01082
22112010 6.01059
23112010 6.06809
24112010 6.12266
25112010 6.11579
26112010 6.08162
27112010 6.13783
29112010 6.12917
30112010 6.17101
01122010 6.18741
02122010 6.12591
03122010 6.11988
06122010 6.11719
07122010 6.10410
08122010 6.07539
09122010 6.09048
10122010 6.13859
13122010 6.11283
14122010 6.11811
15122010 6.14063
16122010 6.16283
17122010 6.16791
20122010 6.16262
21122010 6.19691
22122010 6.24158
23122010 6.29256
24122010 6.23374
27122010 6.20111
28122010 6.18929
29122010 6.25893
30122010 6.24628
31122010 6.29245
01012011 6.23700
03012011 6.23186
04012011 6.24133
05012011 6.17960
06012011 6.10844
07012011 6.16812
10012011 6.18625
11012011 6.17333
12012011 6.10984
13012011 6.10930
14012011 6.08836
15012011 6.05576
17012011 6.04717
18012011 6.06964
19012011 6.05080
20012011 6.08742
21012011 6.06934
24012011 6.06264
25012011 6.08865
26012011 6.11628
27012011 6.10532
28012011 6.11670
03012012 32.0800
04012012 31.7023
05012012 31.7790
06012012 31.9909
09012012 31.9285
10012012 31.8605
11012012 31.6137
12012012 31.7059
13012012 31.5360
16012012 31.8818
17012012 31.5334
18012012 31.5580
19012012 31.4182
20012012 31.2507
23012012 31.2994
24012012 30.8576
25012012 30.7066
26012012 30.3112
27012012 30.3100
30012012 30.1852
31012012 30.2470
01022012 30.3238
02022012 30.1410
03022012 30.1438
06022012 30.1585
07022012 30.0760
08022012 29.6664
09022012 29.6945
10022012 29.7275
13022012 29.8255
14022012 29.9894
15022012 29.9194
16022012 30.2086
17022012 30.0079
20022012 29.7656
21022012 29.7801
22022012 29.7535
23022012 29.6113
24022012 29.5310
27022012 29.0945
28022012 28.9780
29022012 28.9208
01032012 29.2300
02032012 29.1850
05032012 29.2248
06032012 29.3562
07032012 29.5803
12032012 29.5330
13032012 29.4436
14032012 29.3880
15032012 29.4535
16032012 29.2553
19032012 29.1250
20032012 29.0500
21032012 29.0918
22032012 29.1431
23032012 29.3458
26032012 29.1871
27032012 28.8393
28032012 28.9541
29032012 29.2617
30032012 29.2657
02042012 29.2298
03042012 29.1865
04042012 29.3069
05042012 29.3460
06042012 29.3425
09042012 29.5856
10042012 29.5720
11042012 29.7590
12042012 29.4984
13042012 29.3202
16042012 29.6523
17042012 29.5092
18042012 29.3937
19042012 29.4130
20042012 29.4218
23042012 29.3794
24042012 29.3970
25042012 29.2445
26042012 29.2170
27042012 29.2911
02052012 29.2392
03052012 29.3513
04052012 29.5269
10052012 30.2942
11052012 30.1723
14052012 30.2565
15052012 30.3680
16052012 30.7792
17052012 30.8890
18052012 31.3860
21052012 31.1612
22052012 30.9791
23052012 31.4050
24052012 31.6565
25052012 31.7553
28052012 31.8129
29052012 32.0704
30052012 32.3790
31052012 32.7893
01062012 33.4522
04062012 33.8710
05062012 33.1670
06062012 32.7896
07062012 32.2760
08062012 32.5914
13062012 32.9227
14062012 32.5340
15062012 32.3620
18062012 32.0885
19062012 32.4247
20062012 32.3230
21062012 32.8465
22062012 33.5053
25062012 33.2223
26062012 33.2005
27062012 32.8103
28062012 32.8567
29062012 32.7631
02072012 32.4135
03072012 32.4389
04072012 32.1701
05072012 32.3983
06072012 32.5944
09072012 32.8574
10072012 32.9918
11072012 32.8617
12072012 32.7354
13072012 32.6132
16072012 32.5460
17072012 32.4432
18072012 32.3743
19072012 32.2000
20072012 31.8646
23072012 32.1635
24072012 32.6193
25072012 32.9959
26072012 32.6008
27072012 32.2055
30072012 32.0810
31072012 32.1674
01082012 32.2325
02082012 32.3945
03082012 32.5709
06082012 31.9787
07082012 31.5913
08082012 31.5783
09082012 31.5319
10082012 31.7489
13082012 31.7886
14082012 31.7648
15082012 31.8685
16082012 31.8482
17082012 31.8307
20082012 31.9832
21082012 32.0067
22082012 31.8405
23082012 31.7006
24082012 31.7719
27082012 31.8126
28082012 31.9250
29082012 32.0045
30082012 32.2195
31082012 32.5849
03092012 32.2791
04092012 32.2603
05092012 32.3707
06092012 32.2625
07092012 31.9582
10092012 31.7385
11092012 31.7391
12092012 31.4983
13092012 31.3791
14092012 30.8325
17092012 30.5248
18092012 30.8650
19092012 30.8048
20092012 31.4659
21092012 31.1088
24092012 31.1948
25092012 31.1706
26092012 31.2489
27092012 31.1625
28092012 30.8853
01102012 31.2700
02102012 31.0835
03102012 31.1748
04102012 31.1493
05102012 30.9210
08102012 31.1538
09102012 31.0224
10102012 31.0245
11102012 30.9684
12102012 30.8940
13102012 30.9433
15102012 30.9464
16102012 31.0443
17102012 30.7121
18102012 30.5993
19102012 30.6425
20102012 30.7236
22102012 30.7230
23102012 31.1047
24102012 31.2620
25102012 31.2790
26102012 31.1725
27102012 31.2080
29102012 31.1995
30102012 31.3367
31102012 31.2390
01112012 31.2018
02112012 31.1308
03112012 31.3569
05112012 31.3682
06112012 31.6033
07112012 31.2870
08112012 31.3664
09112012 31.3425
10112012 31.4045
12112012 31.4030
13112012 31.4869
14112012 31.7201
15112012 31.5799
11122012 30.6280
12122012 30.5528
13122012 30.3808
14122012 30.5855
15122012 30.5525
17122012 30.4835
18122012 30.7990
19122012 30.5788
20122012 30.6028
21122012 30.5245
22122012 30.6820
24122012 30.6735
25122012 30.5610
26122012 30.3950
27122012 30.3630
28122012 30.1970
29122012 30.1264
31122012 30.1342
01012013 30.4043
02012013 30.3947
03012013 30.0452
04012013 30.0747
05012013 30.1945
07012013 30.1879
08012013 30.2730
09012013 30.1465
10012013 30.2215
11012013 30.0760
12012013 30.1170
14012013 30.1338
15012013 30.0668
16012013 30.1533
17012013 30.1415
18012013 30.1500
19012013 30.1428
21012013 30.1450
22012013 30.1074
23012013 30.0659
24012013 30.0067
25012013 29.9024
26012013 29.8767
28012013 29.8734
29012013 30.0262
30012013 29.8997
31012013 29.8652
02022013 29.6334
04022013 29.7274
05022013 29.9024
06022013 29.8139
07022013 30.0417
08022013 30.0545
09022013 30.0475
11022013 29.8017
12022013 30.1106
13022013 29.5842
14022013 30.0063
15022013 29.6514
16022013 29.8968
18022013 30.1425
19022013 29.9735
20022013 29.6297
21022013 30.1122
22022013 30.4716
23022013 30.2351
25022013 29.8375
26022013 30.4580
27022013 30.6061
28022013 30.5103
01032013 30.5736
02032013 30.6497
04032013 30.4956
05032013 30.7273
06032013 30.4825
07032013 30.7277
08032013 30.6761
09032013 30.3298
11032013 30.5859
12032013 30.5581
13032013 30.6403
14032013 30.7688
15032013 30.6911
16032013 30.4509
18032013 30.4714
19032013 30.8029
20032013 30.9594
23032013 30.5144
25032013 30.2369
26032013 30.8436
27032013 30.7919
28032013 30.9757
29032013 31.0433
01042013 30.5507
02042013 31.0265
03042013 31.2618
04042013 31.5857
05042013 31.5414
06042013 31.2094
08042013 30.9846
09042013 31.1773
10042013 30.9603
11042013 30.8201
12042013 30.8087
13042013 30.6060
15042013 30.2981
16042013 31.4417
17042013 31.2208
18042013 31.8193
19042013 31.5139
20042013 31.3730
22042013 31.4604
23042013 31.5243
24042013 31.5641
25042013 31.2850
26042013 31.3000
27042013 31.3000
29042013 31.1963
30042013 30.8600
01052013 31.0930
02052013 31.1880
03052013 31.0790
04052013 30.3860
06052013 30.2530
07052013 30.9750
08052013 30.9860
09052013 31.0800
10052013 31.0910
11052013 31.0500
13052013 30.8430
14052013 31.2860
15052013 31.2930
16052013 31.3940
17052013 31.3090
18052013 31.3770
20052013 31.4290
21052013 31.2110
22052013 31.1840
23052013 31.3850
24052013 31.3090
25052013 31.0800
27052013 31.1790
28052013 31.3190
29052013 31.4990
30052013 31.6050
31052013 31.6770
01062013 31.6560
03062013 31.7230
04062013 31.7860
05062013 31.8870
06062013 32.0550
07062013 32.0370
08062013 31.9710
10062013 32.0750
11062013 32.2710
12062013 32.3630
13062013 32.1670
14062013 31.8850
15062013 31.5480
17062013 31.6580
18062013 31.7480
19062013 31.9470
20062013 32.3190
21062013 32.8600
22062013 32.5860
24062013 32.8060
25062013 32.7120
26062013 32.7150
27062013 32.9020
28062013 32.7760
29062013 32.8140
01072013 32.0140
02072013 32.9390
03072013 33.1250
04072013 33.1370
05072013 33.0780
06072013 33.1350
08072013 33.2720
09072013 33.1630
10072013 32.9090
11072013 32.9240
12072013 32.3930
13072013 32.6134
15072013 32.5473
16072013 32.5050
17072013 32.3989
18072013 32.2512
19072013 32.4624
20072013 32.2528
22072013 31.5684
23072013 32.3257
24072013 32.2615
25072013 32.4014
26072013 32.6108
27072013 32.6854
29072013 32.3692
21042014 35.540
22042014 35.650
23042014 35.670
24042014 35.660
25042014 35.720
26042014 36.020
28042014 36.010
29042014 35.860
30042014 35.610
01052014 35.600
02052014 35.610
03052014 35.830
05052014 35.800
06052014 35.690
19052014 34.7200
