04082010 7.0795
05082010 7.1419
06082010 7.1194
09082010 7.0724
10082010 7.1083
11082010 7.1568
12082010 7.3732
13082010 7.3979
16082010 7.4382
17082010 7.3698
18082010 7.3192
19082010 7.3429
20082010 7.3731
23082010 7.4220
24082010 7.4029
25082010 7.4756
26082010 7.4471
27082010 7.4112
30082010 7.3376
31082010 7.4043
01092010 7.3808
02092010 7.2881
03092010 7.2415
06092010 7.2241
07092010 7.2207
08092010 7.3351
09092010 7.2808
10092010 7.2797
13092010 7.2071
14092010 7.1315
15092010 7.0730
16092010 7.0882
17092010 7.0468
20092010 7.0553
21092010 7.0018
22092010 6.87042
23092010 6.85392
24092010 6.91342
28092010 6.85382
29092010 6.76002
30092010 6.71682
01102010 6.73892
04102010 6.69607
05102010 6.76342
06102010 6.70187
07102010 6.71057
08102010 6.65767
11102010 6.62827
12102010 6.66855
13102010 6.65378
14102010 6.62823
15102010 6.55552
16102010 6.61900
18102010 6.61342
19102010 6.63639
20102010 6.81155
21102010 6.64826
22102010 6.67306
23102010 6.62988
25102010 6.59222
26102010 6.58184
27102010 6.73192
28102010 6.77443
29102010 6.73262
30102010 6.67819
01112010 6.64015
02112010 6.69017
03112010 6.63177
04112010 6.58117
05112010 6.51747
08112010 6.59602
09112010 6.69699
10112010 6.75270
11112010 6.74159
12112010 6.83862
15112010 6.84289
16112010 6.88398
17112010 6.95494
18112010 6.93419
19112010 6.87455
20112010 6.85298
22112010 6.83487
23112010 6.88083
24112010 6.97236
25112010 6.94778
26112010 6.95155
29112010 6.97301
30112010 6.98850
01122010 7.0291
02122010 6.97050
03122010 6.90073
06122010 6.81216
07122010 6.84453
08122010 6.88821
09122010 6.87381
10122010 6.89108
11122010 6.91189
13122010 6.92914
14122010 6.83875
15122010 6.80130
16122010 6.84612
17122010 6.81151
20122010 6.83728
21122010 6.85688
22122010 6.84821
23122010 6.86216
24122010 6.84860
25122010 6.85148
27122010 6.85189
28122010 6.81286
29122010 6.87044
30122010 6.81244
31122010 6.74963
03012011 6.72164
04012011 6.70213
05012011 6.72552
06012011 6.76524
07012011 6.85871
10012011 6.93027
11012011 6.87606
12012011 6.84693
13012011 6.73233
14012011 6.70974
17012011 6.65536
18012011 6.71279
19012011 6.65564
20012011 6.61175
21012011 6.65507
24012011 6.56325
25012011 6.58149
26012011 6.53489
27012011 6.47101
28012011 6.43591
01022011 6.40238
11072011 6.43602
12072011 6.56230
13072011 6.58411
14072011 6.49875
15072011 6.51534
16072011 6.49930
18072011 6.50070
19072011 6.55760
20072011 6.50909
21072011 6.44381
22072011 6.31348
23072011 6.33179
25072011 6.33494
26072011 6.34081
27072011 6.24230
28072011 6.34311
29072011 6.33554
30072011 6.29211
01082011 6.26886
02082011 6.32168
03082011 6.40811
04082011 6.34504
05082011 6.52957
06082011 6.46130
12082011 6.53811
13082011 6.50995
15082011 6.48791
16082011 6.40058
17082011 6.39408
18082011 6.32593
19082011 6.44046
20082011 6.38009
22082011 6.37320
23082011 6.36698
24082011 6.31888
25082011 6.32653
26082011 6.31407
27082011 6.29410
29082011 6.28868
30082011 6.29822
31082011 6.34350
01092011 6.33929
02092011 6.39877
03092011 6.38752
05092011 6.40199
06092011 6.46314
07092011 6.45342
08092011 6.36544
09092011 6.43583
10092011 6.54577
12092011 6.56779
13092011 6.70819
14092011 6.65714
15092011 6.70012
16092011 6.58625
17092011 6.61642
19092011 6.66213
20092011 6.65617
21092011 6.63733
22092011 6.76187
23092011 6.88773
24092011 6.90570
26092011 6.90204
27092011 6.81216
28092011 6.75934
29092011 6.81534
30092011 6.80555
01102011 6.86057
03102011 6.88365
04102011 6.92391
05102011 6.87527
06102011 6.86195
07102011 6.80321
08102011 6.79773
10102011 6.81247
11102011 6.66085
12102011 6.65571
13102011 6.61850
14102011 6.64517
15102011 6.59173
17102011 6.58986
18102011 6.66086
19102011 6.62299
20102011 6.63450
21102011 6.61723
22102011 6.56428
24102011 6.57789
28102011 6.35929
29102011 6.37449
31102011 6.37270
01112011 6.50050
02112011 6.60733
03112011 6.60467
04112011 6.57094
05112011 6.57208
07112011 6.55091
08112011 6.55754
09112011 6.52772
10112011 6.68285
11112011 6.68624
12112011 6.60969
14112011 6.57793
15112011 6.68833
11122012 6.65134
12122012 6.64382
13122012 6.65160
14122012 6.66754
15122012 6.67131
17122012 6.66278
18122012 6.65495
19122012 6.60176
20122012 6.54893
21122012 6.51267
22122012 6.55826
24122012 6.54774
25122012 6.55041
26122012 6.54429
27122012 6.50590
28122012 6.50324
29122012 6.50984
31122012 6.49661
01012013 6.49801
02012013 6.48645
03012013 6.49250
04012013 6.52520
05012013 6.54299
07012013 6.53815
08012013 6.50342
09012013 6.54799
10012013 6.56848
11012013 6.49565
12012013 6.47148
14012013 6.44920
15012013 6.44731
16012013 6.50163
17012013 6.50089
18012013 6.48703
19012013 6.52090
21012013 6.50997
22012013 6.52656
23012013 6.50829
24012013 6.51595
25012013 6.49095
26012013 6.45731
28012013 6.45330
29012013 6.41894
30012013 6.36764
31012013 6.35064
02022013 6.30065
04022013 6.30382
05022013 6.32640
06022013 6.31911
07022013 6.36248
08022013 6.41058
09022013 6.44697
11022013 6.43872
12022013 6.40317
13022013 6.36963
14022013 6.28804
15022013 6.32323
16022013 6.32732
18022013 6.33817
19022013 6.34317
20022013 6.30242
21022013 6.34267
22022013 6.42547
23022013 6.42286
25022013 6.39748
26022013 6.45011
27022013 6.45417
28022013 6.43473
01032013 6.46068
02032013 6.43475
04032013 6.43434
05032013 6.41942
06032013 6.38221
07032013 6.40259
08032013 6.32838
09032013 6.39605
11032013 6.40366
12032013 6.39095
13032013 6.35770
14032013 6.42234
15032013 6.44064
16032013 6.39517
18032013 6.43740
19032013 6.43893
20032013 6.45971
21032013 6.46547
22032013 6.49137
23032013 6.49760
25032013 6.50217
26032013 6.52004
27032013 6.49241
28032013 6.52193
29032013 6.51581
30032013 6.52117
01042013 6.52720
02042013 6.51191
03042013 6.48980
04042013 6.50754
05042013 6.51448
06042013 6.44073
08042013 6.45528
09042013 6.42144
10042013 6.38864
11042013 6.39500
12042013 6.35086
13042013 6.36329
15042013 6.36078
16042013 6.42879
17042013 6.35747
18042013 6.51298
19042013 6.53958
20042013 6.54172
22042013 6.52924
23042013 6.53401
24042013 6.64400
25042013 6.60304
26042013 6.59947
27042013 6.59947
29042013 6.54405
30042013 6.54107
01052013 6.47911
02052013 6.46649
03052013 6.54142
04052013 6.50271
06052013 6.48688
07052013 6.54311
08052013 6.53256
09052013 6.50416
10052013 6.55585
11052013 6.60478
13052013 6.61306
14052013 6.61394
15052013 6.66830
16052013 6.67169
17052013 6.67150
18052013 6.70091
20052013 6.68634
21052013 6.64986
22052013 6.61509
23052013 6.64008
24052013 6.64244
25052013 6.64095
27052013 6.63579
28052013 6.63908
29052013 6.71413
30052013 6.64985
31052013 6.56514
01062013 6.62170
03062013 6.62067
04062013 6.54189
05062013 6.56236
06062013 6.58882
07062013 6.53663
08062013 6.55450
10062013 6.56564
11062013 6.57403
12062013 6.54711
13062013 6.51209
14062013 6.48460
15062013 6.43418
17062013 6.42922
18062013 6.45555
19062013 6.43772
20062013 6.44823
21062013 6.57282
22062013 6.66235
24062013 6.66989
25062013 6.75733
26062013 6.70311
27062013 6.74580
28062013 6.73567
29062013 6.70174
01072013 6.69843
02072013 6.66473
03072013 6.72138
04072013 6.67715
05072013 6.66945
06072013 6.79987
08072013 6.79972
09072013 6.77860
10072013 6.78063
11072013 6.75527
12072013 6.65894
13072013 6.67081
15072013 6.66939
16072013 6.66926
17072013 6.58427
18072013 6.56889
19072013 6.56944
20072013 6.52832
22072013 6.53677
23072013 6.48553
24072013 6.44620
25072013 6.51198
26072013 6.47848
27072013 6.46955
29072013 6.47253
03092013 6.61495
04092013 6.62026
05092013 6.59246
06092013 6.67560
07092013 6.62739
09092013 6.61791
10092013 6.55350
11092013 6.54060
12092013 6.52048
13092013 6.51950
14092013 6.55050
16092013 6.50990
17092013 6.50963
18092013 6.46140
19092013 6.37435
20092013 6.34650
21092013 6.36060
23092013 6.35142
24092013 6.38214
25092013 6.40020
26092013 6.41640
27092013 6.41910
28092013 6.42630
30092013 6.43460
01102013 6.42621
02102013 6.35430
03102013 6.37314
04102013 6.34470
05102013 6.42720
07102013 6.41348
08102013 6.41381
09102013 6.43110
10102013 6.45990
11102013 6.49470
12102013 6.47430
14102013 6.45926
15102013 6.45480
16102013 6.50010
17102013 6.48450
18102013 6.40020
19102013 6.41160
21102013 6.40884
22102013 6.39450
23102013 6.36350
24102013 6.36930
25102013 6.35220
26102013 6.31500
28102013 6.31170
29102013 6.34560
30102013 6.37899
31102013 6.39720
01112013 6.47850
02112013 6.53251
04112013 6.52391
05112013 6.50670
06112013 6.52530
07112013 6.49410
08112013 6.53653
09112013 6.59750
11112013 6.59480
12112013 6.56453
13112013 6.65057
14112013 6.65008
15112013 6.64867
16112013 6.63067
18112013 6.62715
19112013 6.61504
20112013 6.61798
21112013 6.65081
22112013 6.64630
23112013 6.58014
25112013 6.56999
26112013 6.56500
27112013 6.57143
28112013 6.57450
29112013 6.54100
30112013 6.55942
02122013 6.55316
03122013 6.55903
04122013 6.51223
05122013 6.50465
06122013 6.48090
07122013 6.50550
09122013 6.50387
10122013 6.52882
11122013 6.52700
16122013 6.55510
17122013 6.56649
18122013 6.55616
19122013 6.53103
20122013 6.59879
21122013 6.58710
23122013 6.58168
24122013 6.56161
26122013 6.56525
27122013 6.54550
28122013 6.51390
30122013 6.50874
31122013 6.41115
01012014 6.43766
02012014 6.42385
03012014 6.51436
04012014 6.51920
06012014 6.51736
07012014 6.50523
08012014 6.50955
09012014 6.57136
10012014 6.56298
11012014 6.48925
13012014 6.48146
14012014 6.50324
15012014 6.44039
16012014 6.47012
17012014 6.45601
18012014 6.46767
20012014 6.47016
21012014 6.47555
22012014 6.47836
23012014 6.47499
24012014 6.40830
25012014 6.43795
27012014 6.43422
28012014 6.42680
29012014 6.41985
30012014 6.45750
31012014 6.52116
01022014 6.54800
03022014 6.54868
04022014 6.54150
05022014 6.52413
06022014 6.52225
07022014 6.50692
08022014 6.48610
10022014 6.49253
11022014 6.48250
12022014 6.44133
13022014 6.44500
14022014 6.45526
15022014 6.44019
17022014 6.43486
18022014 6.45045
19022014 6.48314
20022014 6.50655
21022014 6.53579
22022014 6.52611
24022014 6.53843
25022014 6.50360
26022014 6.49550
06032014 6.43135
07032014 6.39079
11032014 6.38207
12032014 6.37262
13032014 6.35950
14032014 6.38001
15032014 6.39455
17032014 6.37821
18032014 6.35028
19032014 6.33428
20032014 6.40317
21032014 6.41760
22032014 6.41947
24032014 6.41334
25032014 6.39422
26032014 6.40071
27032014 6.46123
28032014 6.47959
29032014 6.49741
31032014 6.49741
01042014 6.47192
02042014 6.44607
03042014 6.48142
04042014 6.54190
05042014 6.55868
07042014 6.54755
08042014 6.52411
09042014 6.49436
10042014 6.47972
11042014 6.53914
12042014 6.53507
14042014 6.53846
15042014 6.55749
16042014 6.57337
17042014 6.59648
18042014 6.59994
19042014 6.59978
21042014 6.59719
22042014 6.61292
23042014 6.58300
24042014 6.57400
25042014 6.57400
26042014 6.57900
28042014 6.57700
29042014 6.54300
30042014 6.56100
01052014 6.49900
02052014 6.50100
03052014 6.50700
05052014 6.50100
06052014 6.54800
07052014 6.49593
08052014 6.50269
09052014 6.51570
10052014 6.57283
12052014 6.55626
19052014 6.56500
20052014 6.58800
21052014 6.58801
22052014 6.56970
23052014 6.59035
24052014 6.63895
26052014 6.64036
27052014 6.61869
28052014 6.62111
29052014 6.63909
30052014 6.64680
31052014 6.69158
02062014 6.67607
03062014 6.69281
04062014 6.67872
05062014 6.64778
06062014 6.66300
07062014 6.63049
09062014 6.62963
10062014 6.68490
11062014 6.69536
12062014 6.70032
13062014 6.68347
14062014 6.64667
16062014 6.63887
17062014 6.62670
18062014 6.63730
19062014 6.64970
20062014 6.69888
21062014 6.71950
23062014 6.71756
24062014 6.70052
25062014 6.72348
26062014 6.73352
27062014 6.73877
28062014 6.73090
30062014 6.73398
01072014 6.68005
02072014 6.69000
03072014 6.70620
04072014 6.82467
05072014 6.84345
07072014 6.83791
08072014 6.82833
09072014 6.83203
10072014 6.79123
11072014 6.78526
12072014 6.79122
14072014 6.78321
15072014 6.79357
16072014 6.82213
17072014 6.82813
18072014 6.82786
19072014 6.84229
21072014 6.83265
22072014 6.85010
23072014 6.85072
24072014 6.84065
25072014 6.82832
26072014 6.81391
28072014 6.81382
29072014 6.83583
30072014 6.85264
31072014 6.88369
01082014 6.89700
02082014 6.85916
04082014 6.85645
05082014 6.88062
06082014 6.88410
07082014 6.89599
08082014 6.90475
09082014 6.89270
