08082011 1.21445
09082011 1.22118
10082011 1.20673
11082011 1.21913
12082011 1.20919
06092011 1.21024
24102011 1.26288
25102011 1.26342
26102011 1.26444
27102011 1.27028
28102011 1.24139
15112011 1.29051
16112011 1.29074
17112011 1.29419
18112011 1.29823
11122012 1.22099
12122012 1.22105
13122012 1.21915
14122012 1.22197
15122012 1.21938
17122012 1.21975
18122012 1.21964
19122012 1.21752
20122012 1.21826
21122012 1.21846
22122012 1.22046
24122012 1.22041
25122012 1.22141
26122012 1.22074
27122012 1.22384
28122012 1.22250
29122012 1.22354
31122012 1.22290
01012013 1.22146
02012013 1.22123
03012013 1.22025
04012013 1.22471
05012013 1.22742
07012013 1.22709
08012013 1.22910
09012013 1.22935
10012013 1.22745
11012013 1.22265
12012013 1.22490
14012013 1.22433
15012013 1.22603
16012013 1.22559
17012013 1.22388
18012013 1.22357
19012013 1.22739
21012013 1.22677
22012013 1.22801
23012013 1.22715
24012013 1.22644
25012013 1.22857
26012013 1.23507
28012013 1.23412
29012013 1.23776
30012013 1.23415
31012013 1.23564
01022013 1.23695
02022013 1.23906
04022013 1.23959
05022013 1.23830
06022013 1.23613
07022013 1.23810
08022013 1.23948
09022013 1.23801
11022013 1.23683
12022013 1.24029
13022013 1.23906
14022013 1.23700
15022013 1.23535
16022013 1.23711
18022013 1.23990
19022013 1.23971
20022013 1.23579
21022013 1.23888
22022013 1.24239
23022013 1.23706
25022013 1.23854
26022013 1.23809
27022013 1.23840
28022013 1.23664
01032013 1.23736
02032013 1.24058
04032013 1.24008
05032013 1.24549
06032013 1.24586
07032013 1.24808
08032013 1.24439
09032013 1.24721
11032013 1.24823
12032013 1.24837
13032013 1.24592
14032013 1.24833
15032013 1.24883
16032013 1.24774
18032013 1.24980
19032013 1.24946
20032013 1.25048
21032013 1.25045
22032013 1.24920
23032013 1.24863
25032013 1.24823
26032013 1.24352
27032013 1.24015
28032013 1.24253
29032013 1.24048
30032013 1.24052
01042013 1.24077
02042013 1.24007
03042013 1.23895
04042013 1.23873
05042013 1.24008
06042013 1.24006
08042013 1.24132
09042013 1.24167
10042013 1.23901
11042013 1.23810
12042013 1.23652
13042013 1.23637
15042013 1.23610
16042013 1.23910
17042013 1.23436
18042013 1.23568
19042013 1.23583
20042013 1.23682
22042013 1.23647
23042013 1.23985
24042013 1.24107
25042013 1.23907
26042013 1.23890
27042013 1.23890
29042013 1.23577
30042013 1.23360
01052013 1.23140
02052013 1.23294
03052013 1.23490
04052013 1.23255
06052013 1.22730
07052013 1.23104
08052013 1.23138
09052013 1.22740
10052013 1.23344
11052013 1.23852
13052013 1.23841
14052013 1.24120
15052013 1.24257
16052013 1.24637
17052013 1.25213
18052013 1.25868
20052013 1.25683
21052013 1.25397
22052013 1.25962
23052013 1.26610
24052013 1.26248
25052013 1.26405
27052013 1.26355
28052013 1.26077
29052013 1.26950
30052013 1.26565
31052013 1.25740
01062013 1.26372
03062013 1.26090
04062013 1.25197
05062013 1.25133
06062013 1.24923
07062013 1.24431
08062013 1.24842
10062013 1.24970
11062013 1.25725
12062013 1.25333
13062013 1.25618
14062013 1.24840
15062013 1.25046
17062013 1.24990
18062013 1.25468
19062013 1.26118
20062013 1.26768
21062013 1.27380
22062013 1.27513
24062013 1.27490
25062013 1.27573
26062013 1.26805
27062013 1.27397
28062013 1.26583
29062013 1.26712
01072013 1.26795
02072013 1.26387
03072013 1.27138
04072013 1.27290
05072013 1.27275
06072013 1.27987
08072013 1.27959
09072013 1.27910
10072013 1.27750
11072013 1.27363
12072013 1.25845
13072013 1.26135
15072013 1.26105
16072013 1.26148
17072013 1.25805
18072013 1.26093
19072013 1.26653
20072013 1.26518
22072013 1.26383
23072013 1.26034
24072013 1.26355
25072013 1.26851
26072013 1.26375
27072013 1.26365
29072013 1.26175
03092013 1.27640
04092013 1.27520
05092013 1.27473
06092013 1.28095
07092013 1.27394
09092013 1.27330
10092013 1.26827
11092013 1.26803
12092013 1.26587
13092013 1.26745
14092013 1.26943
16092013 1.26405
17092013 1.26209
18092013 1.25893
19092013 1.24805
20092013 1.24634
21092013 1.25201
23092013 1.25050
24092013 1.24966
25092013 1.25420
26092013 1.25451
27092013 1.25487
28092013 1.25633
30092013 1.25635
01102013 1.25439
02102013 1.25142
03102013 1.24861
04102013 1.24946
05102013 1.24563
07102013 1.24575
08102013 1.24726
09102013 1.24873
10102013 1.24991
11102013 1.24768
12102013 1.24504
14102013 1.24600
15102013 1.24328
16102013 1.24338
17102013 1.24395
18102013 1.23931
19102013 1.23899
21102013 1.23830
22102013 1.24131
23102013 1.23532
24102013 1.23829
25102013 1.23676
26102013 1.23543
28102013 1.23528
29102013 1.23761
30102013 1.24130
31102013 1.23929
01112013 1.24220
02112013 1.24265
04112013 1.24356
05112013 1.24249
06112013 1.24316
07112013 1.24256
08112013 1.24437
09112013 1.24673
11112013 1.24596
12112013 1.24868
13112013 1.25041
14112013 1.24713
15112013 1.24820
16112013 1.24615
18112013 1.24571
19112013 1.24652
20112013 1.24417
21112013 1.24699
22112013 1.25077
23112013 1.24946
25112013 1.24970
26112013 1.25171
27112013 1.25134
28112013 1.25439
29112013 1.25523
30112013 1.25459
02122013 1.25364
03122013 1.25603
04122013 1.25204
05122013 1.25450
06122013 1.25358
07122013 1.25031
09122013 1.24890
10122013 1.24856
11122013 1.24821
16122013 1.25552
17122013 1.25468
18122013 1.25764
19122013 1.25762
20122013 1.26682
21122013 1.26655
23122013 1.26493
24122013 1.26740
26122013 1.26615
27122013 1.26912
28122013 1.26851
30122013 1.26903
31122013 1.26709
01012014 1.26239
02012014 1.26331
03012014 1.26767
04012014 1.26612
06012014 1.26688
07012014 1.26793
08012014 1.27115
09012014 1.27280
10012014 1.27107
11012014 1.26407
13012014 1.26378
14012014 1.26451
15012014 1.26931
16012014 1.27316
17012014 1.27168
18012014 1.27585
20012014 1.27463
21012014 1.27569
22012014 1.27837
23012014 1.27865
24012014 1.27842
25012014 1.27834
27012014 1.27824
28012014 1.27532
29012014 1.27439
30012014 1.27643
31012014 1.27435
01022014 1.27664
03022014 1.27652
04022014 1.27562
05022014 1.26822
06022014 1.26817
07022014 1.26809
08022014 1.26807
10022014 1.26660
11022014 1.27059
12022014 1.26733
13022014 1.26596
14022014 1.26477
15022014 1.25874
17022014 1.25859
18022014 1.25871
19022014 1.26056
20022014 1.26217
21022014 1.26446
22022014 1.26752
24022014 1.26620
25022014 1.26259
26022014 1.26298
06032014 1.26539
07032014 1.26298
11032014 1.26677
12032014 1.26762
13032014 1.26655
14032014 1.26663
15032014 1.26463
17032014 1.26661
18032014 1.26453
19032014 1.26384
20032014 1.27314
21032014 1.27802
22032014 1.27365
24032014 1.27365
25032014 1.27159
26032014 1.26759
27032014 1.26685
28032014 1.26426
29032014 1.25846
31032014 1.25845
01042014 1.25782
02042014 1.25925
03042014 1.26256
04042014 1.26321
05042014 1.25878
07042014 1.25853
08042014 1.25926
09042014 1.25155
10042014 1.24610
11042014 1.24998
12042014 1.24820
14042014 1.24655
15042014 1.25300
16042014 1.25257
17042014 1.25036
18042014 1.25156
19042014 1.25247
21042014 1.25241
22042014 1.25200
23042014 1.25600
24042014 1.25590
25042014 1.25790
26042014 1.25610
28042014 1.25550
29042014 1.25650
30042014 1.25500
01052014 1.25490
02052014 1.25200
03052014 1.25290
05052014 1.25080
06052014 1.24980
07052014 1.24696
08052014 1.24867
09052014 1.24639
10052014 1.24848
12052014 1.24780
19052014 1.25050
20052014 1.24988
21052014 1.25254
22052014 1.25121
23052014 1.25136
24052014 1.25241
26052014 1.25233
27052014 1.25287
28052014 1.25654
29052014 1.25594
30052014 1.25474
31052014 1.25420
02062014 1.25310
03062014 1.25672
04062014 1.25630
05062014 1.25774
06062014 1.25214
07062014 1.25173
09062014 1.25149
10062014 1.24980
11062014 1.24934
12062014 1.25018
13062014 1.24847
14062014 1.25070
16062014 1.24998
17062014 1.25051
18062014 1.25391
19062014 1.24863
20062014 1.24980
21062014 1.24928
23062014 1.24901
24062014 1.24954
25062014 1.24927
26062014 1.24999
27062014 1.24923
28062014 1.24951
30062014 1.24958
01072014 1.24682
02072014 1.24565
03072014 1.24757
04072014 1.24696
05072014 1.24539
07072014 1.24530
08072014 1.24620
09072014 1.24272
10072014 1.24113
11072014 1.24141
12072014 1.24075
14072014 1.24079
15072014 1.24100
16072014 1.24351
17072014 1.24242
18072014 1.24369
19072014 1.24055
21072014 1.24059
22072014 1.23963
23072014 1.23972
24072014 1.23661
25072014 1.24080
26072014 1.24173
28072014 1.24075
29072014 1.24133
30072014 1.24284
31072014 1.24447
01082014 1.24747
02082014 1.24654
04082014 1.24640
05082014 1.24584
06082014 1.24753
07082014 1.24800
08082014 1.25205
09082014 1.25179
