04082010 95.892
05082010 96.045
06082010 95.843
07082010 95.753
09082010 95.793
10082010 96.040
11082010 96.238
12082010 97.507
13082010 97.721
14082010 97.950
16082010 97.914
17082010 97.601
18082010 97.198
19082010 97.116
20082010 97.469
21082010 98.122
23082010 98.072
24082010 98.277
25082010 98.300
26082010 98.462
27082010 98.014
28082010 98.072
30082010 97.917
31082010 98.340
01092010 98.415
02092010 97.690
03092010 97.653
04092010 97.106
06092010 97.059
07092010 97.027
08092010 97.600
09092010 97.410
10092010 97.330
11092010 97.501
13092010 97.576
14092010 96.654
15092010 96.091
16092010 96.538
17092010 96.431
18092010 96.638
20092010 96.661
21092010 96.526
22092010 95.826
23092010 95.373
24092010 95.616
25092010 94.872
27092010 94.857
28092010 94.976
29092010 94.720
30092010 94.635
01102010 94.514
02102010 93.839
04102010 93.779
05102010 94.120
06102010 93.554
07102010 93.095
08102010 93.269
09102010 92.923
11102010 92.844
12102010 93.173
13102010 92.953
14102010 92.635
15102010 92.261
16102010 92.678
18102010 92.595
19102010 92.673
20102010 94.005
21102010 93.045
22102010 93.325
23102010 93.377
25102010 93.257
26102010 92.939
27102010 93.457
28102010 93.880
29102010 93.085
30102010 92.899
01112010 92.719
02112010 92.852
03112010 92.327
04112010 92.047
05112010 91.642
08112010 92.055
09112010 92.506
10112010 93.123
11112010 92.977
12112010 93.404
15112010 93.474
16112010 93.963
17112010 94.652
18112010 94.632
19112010 94.246
22112010 93.946
23112010 94.135
24112010 94.981
25112010 94.842
26112010 94.757
29112010 95.392
30112010 95.783
01122010 96.280
02122010 95.676
03122010 95.007
04122010 94.196
06122010 94.251
07122010 94.500
08122010 94.912
09122010 95.013
10122010 95.002
13122010 95.155
14122010 94.426
15122010 94.478
16122010 95.042
17122010 94.953
20122010 95.322
21122010 95.527
22122010 95.625
23122010 95.520
24122010 95.218
27122010 95.170
28122010 95.056
29122010 94.880
30122010 94.408
31122010 94.223
03012011 93.839
04012011 93.879
05012011 94.191
06012011 94.789
07012011 95.195
10012011 95.392
11012011 95.109
12012011 95.012
13012011 94.388
14012011 93.859
17012011 93.706
18012011 93.922
19012011 93.787
20012011 93.482
21012011 93.781
22012011 93.237
24012011 93.166
25012011 93.109
26012011 93.122
27012011 92.991
28012011 93.002
01022011 92.834
02022011 92.643
03022011 92.229
04022011 92.744
07022011 92.975
08022011 93.020
09022011 93.067
10022011 92.798
11022011 93.367
14022011 93.483
15022011 93.443
16022011 93.544
17022011 93.161
18022011 92.957
21022011 92.677
22022011 92.679
23022011 92.892
24022011 92.542
25022011 92.166
28022011 92.117
01032011 91.784
02032011 91.969
03032011 91.632
04032011 91.557
07032011 91.474
08032011 91.544
09032011 91.778
10032011 91.671
11032011 92.239
14032011 91.532
15032011 91.416
16032011 91.567
17032011 91.685
18032011 91.092
21032011 91.087
22032011 90.793
23032011 90.901
24032011 91.219
25032011 90.924
28032011 91.525
29032011 91.359
30032011 91.419
31032011 91.318
01042011 91.253
02042011 91.145
04042011 91.112
05042011 91.213
06042011 91.182
07042011 90.914
08042011 90.844
09042011 90.412
11042011 90.328
12042011 90.426
13042011 90.358
14042011 90.416
15042011 90.251
16042011 90.234
18042011 90.252
19042011 90.707
20042011 90.246
21042011 89.688
22042011 89.439
23042011 89.508
25042011 89.399
26042011 89.397
27042011 89.165
28042011 88.822
29042011 88.701
30042011 88.463
02052011 88.445
03052011 88.581
04052011 88.658
05052011 88.736
06052011 89.621
10052011 89.555
11052011 89.761
12052011 90.319
13052011 90.281
14052011 90.787
16052011 90.811
17052011 90.739
18052011 90.689
19052011 90.700
20052011 90.415
21052011 90.889
23052011 91.079
24052011 91.372
25052011 91.150
26052011 91.457
27052011 90.919
28052011 90.401
30052011 90.304
31052011 90.426
01062011 90.083
02062011 90.285
03062011 89.944
04062011 89.555
06062011 89.573
07062011 89.782
08062011 89.352
09062011 89.679
10062011 89.719
11062011 90.311
13062011 90.359
14062011 89.988
16062011 89.879
17062011 90.885
18062011 90.410
20062011 90.441
21062011 90.444
22062011 89.956
23062011 90.213
24062011 90.598
27062011 90.717
28062011 90.849
29062011 90.589
30062011 90.049
01072011 89.693
02072011 89.548
04072011 89.553
05072011 89.603
06072011 89.928
07072011 90.222
08072011 90.036
11072011 90.253
12072011 90.924
13072011 90.747
14072011 89.986
15072011 90.057
16072011 89.812
18072011 89.874
19072011 90.072
20072011 89.806
21072011 89.397
22072011 88.851
23072011 88.980
25072011 88.984
26072011 88.835
27072011 88.295
28072011 88.834
29072011 88.982
30072011 88.720
01082011 88.731
02082011 89.059
03082011 89.211
04082011 88.974
05082011 90.347
06082011 89.782
08082011 89.621
09082011 90.117
10082011 89.318
11082011 90.127
12082011 89.922
13082011 89.964
15082011 89.858
16082011 89.229
17082011 89.326
18082011 89.096
19082011 89.614
20082011 89.445
22082011 89.529
23082011 89.623
24082011 89.354
25082011 89.499
26082011 89.702
27082011 89.225
29082011 89.175
30082011 89.079
31082011 89.255
01092011 89.443
02092011 89.589
03092011 89.941
05092011 89.931
06092011 90.407
07092011 91.026
08092011 90.573
09092011 91.221
10092011 92.040
12092011 92.082
13092011 91.929
14092011 91.613
15092011 91.586
16092011 91.055
17092011 91.200
19092011 91.271
20092011 91.731
21092011 91.839
22092011 92.560
23092011 93.455
24092011 93.404
26092011 93.467
27092011 93.311
28092011 92.904
29092011 93.334
30092011 93.366
01102011 94.216
03102011 94.321
04102011 94.773
05102011 94.657
06102011 94.176
07102011 93.831
08102011 93.997
10102011 94.008
11102011 92.891
12102011 92.905
13102011 92.385
14102011 92.365
15102011 91.956
17102011 91.914
18102011 92.541
19102011 92.280
20102011 92.459
21102011 92.213
22102011 91.531
24102011 91.532
25102011 91.294
26102011 91.648
27102011 91.429
28102011 90.270
29102011 90.285
31102011 90.307
01112011 91.724
02112011 92.751
03112011 92.396
04112011 91.993
07112011 92.392
08112011 92.275
09112011 91.920
10112011 93.112
11112011 92.847
12112011 92.136
14112011 92.131
15112011 92.687
16112011 93.077
17112011 93.292
18112011 93.439
19112011 93.265
21112011 93.278
22112011 93.683
23112011 93.624
24112011 94.488
25112011 94.398
26112011 94.927
28112011 94.439
29112011 94.381
30112011 94.072
01122011 93.416
02122011 93.295
03122011 93.610
05122011 93.445
06122011 93.510
07122011 93.299
08122011 93.323
09122011 93.748
10122011 93.570
12122011 93.655
13122011 94.373
14122011 94.974
15122011 95.396
16122011 95.091
17122011 95.112
19122011 94.969
20122011 95.079
21122011 94.711
22122011 94.740
23122011 94.583
24122011 94.559
26122011 94.575
27122011 94.491
28122011 94.497
29122011 94.980
30122011 94.895
31122011 94.598
02012012 94.606
03012012 94.676
04012012 93.960
05012012 94.390
06012012 95.110
07012012 95.465
09012012 95.469
10012012 95.273
11012012 94.916
12012012 95.365
13012012 94.946
14012012 95.562
16012012 95.706
17012012 95.368
18012012 95.181
19012012 94.704
20012012 94.493
21012012 94.506
23012012 94.682
24012012 94.103
25012012 94.262
26012012 93.965
27012012 93.700
28012012 93.282
30012012 93.200
31012012 93.465
01022012 93.503
02022012 93.181
03022012 93.237
04022012 93.124
06022012 93.275
07022012 93.277
08022012 92.958
09022012 93.042
10022012 93.038
11022012 93.570
13022012 93.421
14022012 93.385
15022012 93.966
16022012 93.960
17022012 93.701
18022012 93.751
20022012 93.601
21022012 93.491
22022012 93.609
23022012 93.850
24022012 93.551
25022012 93.366
27022012 93.474
28022012 93.417
29022012 93.178
01032012 93.378
02032012 93.322
03032012 93.872
05032012 93.934
06032012 93.892
07032012 94.357
08032012 94.231
09032012 93.710
10032012 94.395
12032012 94.420
13032012 94.322
14032012 94.543
15032012 94.930
16032012 94.674
17032012 94.370
19032012 94.335
20032012 94.021
21032012 94.279
22032012 94.247
23032012 94.370
24032012 94.089
26032012 94.304
27032012 93.686
28032012 93.949
29032012 94.005
30032012 93.933
31032012 93.879
02042012 93.885
03042012 93.558
04042012 94.009
05042012 94.356
06042012 94.500
07042012 94.308
09042012 94.299
10042012 94.255
11042012 94.382
12042012 94.348
13042012 93.827
14042012 94.330
16042012 94.338
17042012 94.059
18042012 93.893
19042012 93.981
20042012 94.079
21042012 93.778
23042012 93.744
24042012 93.809
25042012 93.650
26042012 93.441
27042012 93.326
28042012 93.097
30042012 93.073
01052012 93.201
02052012 93.204
03052012 93.447
04052012 93.537
05052012 93.831
07052012 94.041
08052012 93.839
09052012 94.104
10052012 94.307
11052012 94.398
12052012 94.467
14052012 94.519
15052012 94.724
16052012 95.230
17052012 95.502
18052012 95.538
19052012 95.352
21052012 95.439
22052012 95.166
23052012 95.844
24052012 96.057
25052012 96.375
26052012 96.502
28052012 96.248
29052012 96.237
30052012 96.351
31052012 96.889
01062012 96.876
02062012 96.855
04062012 96.869
05062012 96.699
06062012 96.849
07062012 96.292
08062012 96.368
09062012 96.515
11062012 96.032
12062012 96.666
13062012 96.452
14062012 96.346
15062012 96.041
16062012 95.689
18062012 95.730
19062012 96.059
20062012 95.544
21062012 95.687
22062012 96.547
23062012 96.429
25062012 96.547
26062012 96.560
27062012 96.368
28062012 96.579
29062012 96.826
30062012 95.858
02072012 95.736
03072012 95.894
04072012 95.804
05072012 96.062
06072012 96.551
07072012 96.939
09072012 97.054
10072012 96.832
11072012 97.074
12072012 97.085
13072012 97.121
14072012 96.825
16072012 96.726
17072012 96.615
18072012 96.572
19072012 96.469
20072012 96.317
21072012 96.837
23072012 96.973
24072012 97.047
25072012 97.299
26072012 96.910
27072012 96.289
28072012 96.148
30072012 96.136
31072012 96.142
01082012 96.050
02082012 96.476
03082012 96.625
04082012 95.910
06082012 95.848
07082012 95.767
08082012 95.762
09082012 95.740
10082012 95.875
11082012 95.772
13082012 95.793
14082012 95.708
15082012 95.797
16082012 95.859
17082012 95.660
18082012 95.855
20082012 95.798
21082012 95.757
22082012 95.410
23082012 95.118
24082012 95.053
25082012 95.208
27082012 95.217
28082012 95.240
29082012 94.905
30082012 95.080
31082012 95.233
01092012 94.751
03092012 94.826
04092012 94.698
05092012 94.814
06092012 94.854
07092012 94.602
08092012 93.874
10092012 93.841
11092012 93.985
12092012 93.456
13092012 93.472
14092012 92.913
15092012 92.792
17092012 92.760
18092012 92.993
19092012 93.175
20092012 93.042
21092012 93.302
22092012 93.209
24092012 93.252
25092012 93.393
26092012 93.486
27092012 93.718
28092012 93.431
29092012 93.780
01102012 93.737
02102012 93.664
03102012 93.651
04102012 93.913
05102012 93.333
06102012 93.333
08102012 93.332
09102012 93.408
10102012 93.716
11102012 93.676
12102012 93.566
13102012 93.499
15102012 93.550
16102012 93.578
17102012 93.534
18102012 93.114
19102012 93.537
20102012 93.923
22102012 93.952
23102012 93.937
24102012 94.162
25102012 94.220
26102012 94.283
27102012 94.301
29102012 94.264
30102012 94.533
31102012 94.278
01112012 94.264
02112012 94.332
03112012 94.700
05112012 94.707
06112012 94.833
07112012 94.649
08112012 94.815
09112012 94.843
10112012 95.014
12112012 95.017
13112012 94.988
14112012 95.059
15112012 95.158
16112012 95.245
17112012 95.360
19112012 95.306
20112012 95.013
21112012 95.125
22112012 95.171
23112012 95.035
24112012 94.611
26112012 94.585
27112012 94.632
28112012 94.714
29112012 94.577
30112012 94.546
01122012 94.559
03122012 94.560
04122012 94.390
05122012 94.163
06122012 94.265
07122012 94.605
08122012 94.660
10122012 94.699
11122012 94.526
12122012 94.328
13122012 94.161
14122012 94.307
15122012 94.073
17122012 94.045
18122012 94.054
19122012 93.964
20122012 93.981
21122012 93.967
22122012 94.362
24122012 94.298
25122012 94.377
26122012 94.384
27122012 94.507
28122012 94.560
29122012 94.625
31122012 94.628
01012013 94.665
02012013 94.663
03012013 94.607
04012013 95.023
05012013 95.189
07012013 95.159
08012013 94.974
09012013 94.995
10012013 95.216
11012013 94.597
12012013 94.562
14012013 94.573
15012013 94.543
16012013 94.698
17012013 94.734
18012013 94.749
19012013 95.197
21012013 95.177
22012013 95.182
23012013 94.960
24012013 95.139
25012013 95.360
26012013 95.426
28012013 95.361
29012013 95.415
30012013 95.155
31012013 94.997
02022013 94.638
04022013 94.995
05022013 95.201
06022013 95.199
07022013 95.363
08022013 95.749
09022013 95.822
11022013 95.766
12022013 95.991
13022013 95.801
14022013 95.781
15022013 95.992
16022013 96.183
18022013 96.240
19022013 96.427
20022013 96.278
21022013 96.887
22022013 97.120
23022013 97.237
25022013 97.201
26022013 97.366
27022013 97.452
28022013 97.238
01032013 97.660
02032013 97.987
04032013 97.897
05032013 97.866
06032013 97.784
07032013 98.187
08032013 97.958
09032013 98.469
11032013 98.493
12032013 98.390
13032013 98.343
14032013 98.591
15032013 98.241
16032013 97.862
18032013 97.793
19032013 98.285
20032013 98.500
21032013 98.488
22032013 98.333
23032013 97.968
25032013 97.958
26032013 98.245
27032013 98.161
28032013 98.408
29032013 98.174
30032013 98.234
01042013 98.257
02042013 97.963
03042013 98.080
04042013 97.876
05042013 98.087
06042013 98.179
08042013 98.231
09042013 98.521
10042013 98.180
11042013 98.303
12042013 98.070
13042013 97.970
15042013 97.887
16042013 98.232
17042013 97.763
18042013 98.539
19042013 98.475
20042013 98.698
22042013 98.662
23042013 98.623
24042013 98.901
25042013 98.908
26042013 98.649
27042013 98.649
29042013 98.131
30042013 97.793
01052013 97.380
02052013 97.323
03052013 97.779
04052013 97.781
06052013 97.763
07052013 97.950
08052013 97.846
09052013 97.565
10052013 98.365
11052013 98.825
13052013 98.823
14052013 98.937
15052013 99.336
16052013 99.496
17052013 99.530
18052013 100.182
20052013 100.107
21052013 99.621
22052013 99.758
23052013 100.341
24052013 99.659
25052013 99.598
27052013 99.638
28052013 99.658
29052013 100.295
30052013 99.685
31052013 99.120
01062013 99.415
03062013 99.421
04062013 98.701
05062013 98.959
06062013 98.738
07062013 97.611
08062013 97.622
10062013 97.629
11062013 97.712
12062013 97.012
13062013 97.033
14062013 96.682
15062013 96.560
17062013 96.517
18062013 96.515
19062013 96.735
20062013 97.517
21062013 98.128
22062013 98.717
24062013 98.828
25062013 98.797
26062013 98.940
27062013 99.185
28062013 99.204
29062013 99.547
01072013 99.547
02072013 99.417
03072013 100.032
04072013 99.615
05072013 100.058
06072013 100.754
08072013 100.823
09072013 100.563
10072013 100.759
11072013 100.289
12072013 98.920
13072013 99.161
15072013 99.107
16072013 99.274
17072013 98.700
18072013 99.024
19072013 99.090
20072013 98.906
22072013 98.975
23072013 98.532
24072013 98.241
25072013 98.592
26072013 97.970
27072013 97.827
29072013 97.845
01082013 97.960
02082013 98.613
03082013 98.319
05082013 98.333
06082013 98.161
07082013 97.986
08082013 97.738
09082013 97.365
10082013 97.323
12082013 97.327
13082013 97.582
14082013 98.032
15082013 97.973
16082013 97.442
17082013 97.647
19082013 97.652
20082013 97.615
21082013 97.474
22082013 97.971
23082013 98.283
24082013 98.159
26082013 98.145
27082013 98.171
28082013 97.821
29082013 98.098
30082013 98.589
31082013 98.641
02092013 98.631
03092013 98.917
04092013 99.063
05092013 98.777
06092013 99.205
07092013 98.567
09092013 98.571
10092013 98.269
11092013 98.287
12092013 97.941
13092013 97.958
14092013 97.938
16092013 97.770
17092013 97.747
18092013 97.583
19092013 96.697
20092013 97.006
21092013 97.105
23092013 97.103
24092013 97.034
25092013 97.163
26092013 96.967
27092013 97.169
28092013 96.883
30092013 96.966
01102013 96.849
02102013 96.797
03102013 96.595
04102013 96.499
05102013 96.715
07102013 96.715
08102013 96.566
09102013 96.744
10102013 97.094
11102013 97.260
12102013 97.128
14102013 97.091
15102013 97.038
16102013 97.241
17102013 97.192
18102013 96.397
19102013 96.386
21102013 96.339
22102013 96.468
23102013 96.120
24102013 96.288
25102013 96.305
26102013 96.388
28102013 96.389
29102013 96.507
30102013 96.813
31102013 96.962
01112013 97.178
02112013 97.544
04112013 97.523
05112013 97.386
06112013 97.582
07112013 97.338
08112013 97.529
09112013 98.110
11112013 98.033
12112013 97.932
13112013 98.080
14112013 97.805
15112013 97.959
16112013 97.776
18112013 97.727
19112013 97.675
20112013 97.733
21112013 97.968
22112013 98.172
23112013 97.944
25112013 97.894
26112013 98.184
27112013 97.900
28112013 98.156
29112013 98.035
30112013 98.176
02122013 98.177
03122013 98.466
04122013 98.205
05122013 98.270
06122013 97.889
07122013 98.062
09122013 97.999
10122013 97.901
11122013 97.683
16122013 97.577
17122013 97.736
18122013 97.761
19122013 97.946
20122013 98.371
21122013 98.282
23122013 98.220
24122013 98.068
26122013 98.206
27122013 98.247
28122013 98.368
30122013 98.294
31122013 97.893
01012014 98.060
02012014 98.044
03012014 98.417
04012014 98.425
06012014 98.556
07012014 98.370
08012014 98.782
09012014 99.047
10012014 99.161
11012014 98.844
13012014 98.870
14012014 98.552
15012014 99.001
16012014 99.358
17012014 99.203
18012014 99.582
20012014 99.522
21012014 99.401
22012014 99.482
23012014 99.744
24012014 99.150
25012014 99.004
27012014 98.998
28012014 99.147
29012014 99.297
30012014 99.198
31012014 99.744
01022014 99.809
03022014 99.727
04022014 99.360
05022014 99.408
06022014 99.329
07022014 99.258
08022014 99.029
10022014 99.016
11022014 99.016
12022014 98.946
13022014 98.942
14022014 98.603
15022014 98.412
17022014 98.407
18022014 98.384
19022014 98.263
20022014 98.664
21022014 98.826
22022014 98.852
24022014 98.835
25022014 98.662
26022014 98.637
06032014 98.620
07032014 98.110
11032014 98.624
12032014 98.497
13032014 98.323
14032014 98.100
15032014 98.023
17032014 98.014
18032014 97.921
19032014 98.053
20032014 98.884
21032014 99.048
22032014 98.834
24032014 98.902
25032014 98.662
26032014 98.605
27032014 98.414
28032014 98.452
29032014 98.589
31032014 98.604
01042014 98.546
02042014 98.530
03042014 98.679
04042014 98.881
05042014 98.650
07042014 98.654
08042014 98.442
09042014 97.835
10042014 97.541
11042014 97.527
12042014 97.718
14042014 97.717
15042014 97.868
16042014 97.990
17042014 98.124
18042014 98.166
19042014 98.192
21042014 98.195
22042014 98.266
06052014 97.678
07052014 97.215
08052014 97.376
09052014 97.322
10052014 97.883
12052014 97.879
19052014 97.923
20052014 97.915
21052014 98.015
22052014 98.091
23052014 98.205
24052014 98.287
26052014 98.245
27052014 98.179
28052014 98.250
29052014 98.430
30052014 98.268
31052014 98.194
02062014 98.198
03062014 98.571
04062014 98.546
05062014 98.705
06062014 98.402
07062014 98.459
09062014 98.461
10062014 98.578
11062014 98.673
12062014 98.560
13062014 98.322
14062014 98.395
16062014 98.402
17062014 98.223
18062014 98.451
19062014 98.226
20062014 98.090
21062014 97.961
23062014 97.966
24062014 97.822
25062014 97.908
26062014 97.765
27062014 97.694
28062014 97.434
30062014 97.452
01072014 97.260
02072014 97.202
03072014 97.422
04072014 97.620
05072014 97.688
07072014 97.674
08072014 97.666
09072014 97.592
10072014 97.450
11072014 97.468
12072014 97.712
14072014 97.720
15072014 97.690
16072014 97.964
17072014 98.072
18072014 98.032
19072014 98.001
21072014 97.990
22072014 98.010
23072014 98.197
24072014 98.195
25072014 98.308
26072014 98.606
28072014 98.619
29072014 98.570
30072014 98.868
31072014 99.201
01082014 99.248
02082014 99.175
04082014 99.131
05082014 99.103
06082014 99.391
07082014 99.154
08082014 99.245
09082014 99.268
