06092010 7.1697
07092010 7.2244
08092010 7.2505
09092010 7.2243
10092010 7.2035
11092010 7.1818
13092010 7.1662
14092010 7.1284
15092010 7.0655
16092010 7.0978
17092010 7.1424
18092010 7.1436
20092010 7.1035
21092010 7.1253
22092010 7.0525
23092010 7.0256
24092010 7.0594
25092010 7.0185
27092010 7.0192
28092010 7.0041
29092010 6.95620
30092010 6.96580
01102010 6.96600
02102010 6.93480
04102010 6.93240
05102010 6.98480
06102010 6.88570
07102010 6.85610
08102010 6.88110
09102010 6.83040
11122012 8.6876
12122012 8.6638
13122012 8.6346
14122012 8.6624
15122012 8.6166
17122012 8.6239
18122012 8.5457
19122012 8.4606
20122012 8.4887
21122012 8.4888
22122012 8.5564
24122012 8.5689
25122012 8.5686
26122012 8.5657
27122012 8.5723
28122012 8.4805
29122012 8.4777
31122012 8.4758
01012013 8.4439
02012013 8.4527
03012013 8.5057
04012013 8.5726
05012013 8.5527
07012013 8.5588
08012013 8.5747
09012013 8.5780
10012013 8.5971
11012013 8.6566
12012013 8.7300
14012013 8.7147
15012013 8.6956
16012013 8.8069
17012013 8.8008
18012013 8.8082
19012013 8.8831
21012013 8.8720
22012013 8.8635
23012013 8.8511
24012013 9.0463
25012013 9.0545
26012013 8.9348
28012013 8.9089
29012013 9.1112
30012013 9.0390
31012013 9.0504
01022013 8.9265
02022013 8.8465
04022013 8.8479
05022013 8.8929
06022013 8.8230
07022013 8.9098
08022013 8.9165
09022013 8.8900
11022013 8.8810
12022013 8.8967
13022013 8.8898
14022013 8.8563
15022013 8.7760
16022013 8.8446
18022013 8.8446
19022013 8.8949
20022013 8.8527
21022013 8.9110
22022013 8.8992
23022013 8.8495
25022013 8.8648
26022013 8.8479
27022013 8.8340
28022013 8.8370
01032013 9.0120
02032013 9.0606
04032013 9.0635
05032013 9.0862
06032013 9.0415
07032013 9.0985
08032013 9.1270
09032013 9.0746
11032013 9.0761
12032013 9.1112
13032013 9.1595
14032013 9.2528
15032013 9.1772
16032013 9.1861
18032013 9.2162
19032013 9.1785
20032013 9.2584
21032013 9.3233
22032013 9.3080
23032013 9.2979
25032013 9.3067
26032013 9.2927
27032013 9.2553
28032013 9.2562
29032013 9.1921
30032013 9.2273
01042013 9.2389
02042013 9.1928
03042013 9.2408
04042013 9.2210
05042013 9.1445
06042013 9.0733
08042013 9.0915
09042013 8.9802
10042013 8.9158
11042013 8.9026
12042013 8.8982
13042013 8.9217
15042013 8.9475
16042013 9.2119
17042013 9.1281
18042013 9.1688
19042013 9.1894
20042013 9.2350
22042013 9.2175
23042013 9.2410
24042013 9.2130
25042013 9.1081
26042013 9.1090
27042013 9.1090
29042013 9.1066
30042013 8.9892
01052013 8.9698
02052013 9.0281
03052013 8.9426
04052013 8.9055
06052013 8.9067
07052013 8.9836
08052013 9.0423
09052013 9.0037
10052013 9.0235
11052013 9.0949
13052013 9.1005
14052013 9.1570
15052013 9.2326
16052013 9.2628
17052013 9.3354
18052013 9.4041
20052013 9.3990
21052013 9.4310
22052013 9.5495
23052013 9.5624
24052013 9.5204
25052013 9.5860
27052013 9.5838
28052013 9.5930
29052013 9.7702
30052013 9.8207
31052013 10.0297
01062013 10.0525
03062013 10.0568
04062013 9.8103
05062013 9.8074
06062013 9.9999
07062013 9.8877
08062013 9.9712
10062013 10.0709
11062013 10.1689
12062013 10.0571
13062013 10.0760
14062013 9.8501
15062013 9.9395
17062013 9.9502
18062013 9.9561
19062013 9.9942
20062013 10.1739
21062013 10.2802
22062013 10.1590
24062013 10.2214
25062013 10.0464
26062013 10.0886
27062013 10.1001
28062013 9.9363
29062013 9.8790
01072013 9.9164
02072013 9.9319
03072013 9.9912
04072013 10.1062
05072013 10.0319
06072013 10.1868
08072013 10.2242
09072013 10.1653
10072013 10.0118
11072013 10.0257
12072013 9.9848
13072013 9.9698
15072013 9.9684
16072013 9.8835
17072013 9.8285
18072013 9.8267
19072013 9.9276
20072013 9.8762
22072013 9.8546
23072013 9.8082
24072013 9.7029
25072013 9.7823
26072013 9.7334
27072013 9.7728
29072013 9.7605
03092013 10.2927
04092013 10.2727
05092013 10.2429
06092013 10.2120
07092013 10.0072
09092013 10.0060
10092013 9.9511
11092013 9.9824
12092013 9.8669
13092013 9.9693
14092013 9.9306
16092013 9.8900
17092013 9.8105
18092013 9.8051
19092013 9.5862
20092013 9.6906
21092013 9.9020
23092013 9.8835
24092013 9.8421
25092013 9.8630
26092013 9.9806
27092013 9.9841
28092013 10.0658
30092013 10.1127
01102013 10.0456
02102013 10.1306
03102013 10.0345
04102013 10.0301
05102013 9.9968
07102013 9.9799
08102013 9.9915
09102013 9.9945
10102013 9.9555
11102013 9.8925
12102013 9.8859
14102013 9.9039
15102013 9.8974
16102013 9.9699
17102013 9.8607
18102013 9.8181
19102013 9.7827
21102013 9.7712
22102013 9.8460
23102013 9.7285
24102013 9.7784
25102013 9.7545
26102013 9.8192
28102013 9.8035
29102013 9.8278
30102013 9.8886
31102013 9.9462
01112013 10.0377
02112013 10.1866
04112013 10.1770
05112013 10.1256
06112013 10.2349
07112013 10.2536
08112013 10.2930
09112013 10.3330
11112013 10.3335
12112013 10.3793
13112013 10.3799
14112013 10.3295
15112013 10.1962
16112013 10.1540
18112013 10.1559
19112013 10.1214
20112013 10.1829
21112013 10.1499
22112013 10.1260
23112013 10.0636
25112013 10.0619
26112013 10.1014
27112013 10.1260
28112013 10.2329
29112013 10.1907
30112013 10.1902
02122013 10.1701
03122013 10.2587
04122013 10.3424
05122013 10.4431
06122013 10.4219
07122013 10.3486
09122013 10.3125
10122013 10.3852
11122013 10.3605
16122013 10.3159
17122013 10.2869
18122013 10.3320
19122013 10.2769
20122013 10.4069
21122013 10.3353
23122013 10.3325
24122013 10.3316
26122013 10.3153
27122013 10.3600
28122013 10.5217
30122013 10.5285
31122013 10.4222
01012014 10.5223
02012014 10.4680
03012014 10.6904
04012014 10.6398
06012014 10.6598
07012014 10.6300
08012014 10.6664
09012014 10.7584
10012014 10.7966
11012014 10.6671
13012014 10.6431
14012014 10.8106
15012014 10.8220
16012014 10.8967
17012014 10.8984
18012014 10.8494
20012014 10.8734
21012014 10.8382
22012014 10.8317
23012014 10.8696
24012014 11.0324
25012014 11.0935
27012014 11.0888
28012014 11.1117
29012014 11.0404
30012014 11.2640
31012014 11.1855
01022014 11.0945
03022014 11.1290
04022014 11.2549
05022014 11.0817
06022014 11.1412
07022014 11.0300
08022014 11.0700
10022014 11.0592
11022014 11.1340
12022014 10.9821
13022014 11.0116
14022014 10.9673
15022014 10.8485
17022014 10.8373
18022014 10.8203
19022014 10.8625
20022014 11.0134
21022014 10.9948
22022014 10.9321
24022014 10.9298
25022014 10.7652
26022014 10.7267
06032014 10.6756
07032014 10.6100
11032014 10.7855
12032014 10.8706
13032014 10.8261
14032014 10.7840
15032014 10.6717
17032014 10.6892
18032014 10.7491
19032014 10.7646
20032014 10.8700
21032014 10.8995
22032014 10.8845
24032014 10.8892
25032014 10.8276
26032014 10.7413
27032014 10.6737
28032014 10.5814
29032014 10.5709
31032014 10.5893
01042014 10.5266
02042014 10.5846
03042014 10.6168
04042014 10.6241
05042014 10.5749
07042014 10.5289
08042014 10.5127
09042014 10.4631
10042014 10.3904
11042014 10.4675
12042014 10.4810
14042014 10.4855
15042014 10.4994
16042014 10.5637
17042014 10.5608
18042014 10.4832
19042014 10.4905
21042014 10.4894
22042014 10.4990
23042014 10.5440
24042014 10.5860
25042014 10.6250
26042014 10.6410
28042014 10.6590
29042014 10.6210
30042014 10.5400
01052014 10.5250
02052014 10.4900
03052014 10.4860
05052014 10.4560
06052014 10.5390
07052014 10.4865
08052014 10.4528
09052014 10.3318
10052014 10.3524
12052014 10.3589
19052014 10.3390
20052014 10.3476
21052014 10.4456
22052014 10.3821
23052014 10.3258
24052014 10.3036
26052014 10.2999
27052014 10.3546
28052014 10.4551
29052014 10.4650
30052014 10.4113
31052014 10.5825
02062014 10.5724
03062014 10.6828
04062014 10.7766
05062014 10.7760
06062014 10.7166
07062014 10.5813
09062014 10.5650
10062014 10.6460
11062014 10.7142
12062014 10.7521
13062014 10.6703
14062014 10.6783
16062014 10.6801
17062014 10.7516
18062014 10.8394
19062014 10.6529
20062014 10.7426
21062014 10.6554
23062014 10.6518
24062014 10.5708
25062014 10.6433
26062014 10.5961
27062014 10.6390
28062014 10.5900
30062014 10.5900
01072014 10.6321
02072014 10.6812
03072014 10.7604
04072014 10.7406
05072014 10.7475
07072014 10.7412
08072014 10.7816
15072014 10.6688
16072014 10.6885
17072014 10.6751
18072014 10.7501
19072014 10.6465
21072014 10.6495
22072014 10.6076
23072014 10.5703
24072014 10.5136
25072014 10.5275
26072014 10.5220
28072014 10.5010
29072014 10.5630
30072014 10.6045
31072014 10.6672
01082014 10.7175
02082014 10.6835
04082014 10.6521
05082014 10.6546
06082014 10.7511
07082014 10.7096
08082014 10.7689
09082014 10.6580
